step_time,reward,total_stopped,total_wait_time,avg_wait_time,avg_speed,B1_stopped,B1_accumulated_waiting_time,B1_average_speed,B2_stopped,B2_accumulated_waiting_time,B2_average_speed,B3_stopped,B3_accumulated_waiting_time,B3_average_speed,B4_stopped,B4_accumulated_waiting_time,B4_average_speed,B5_stopped,B5_accumulated_waiting_time,B5_average_speed,C1_stopped,C1_accumulated_waiting_time,C1_average_speed,C2_stopped,C2_accumulated_waiting_time,C2_average_speed,C3_stopped,C3_accumulated_waiting_time,C3_average_speed,C4_stopped,C4_accumulated_waiting_time,C4_average_speed,C5_stopped,C5_accumulated_waiting_time,C5_average_speed,D1_stopped,D1_accumulated_waiting_time,D1_average_speed,D2_stopped,D2_accumulated_waiting_time,D2_average_speed,D3_stopped,D3_accumulated_waiting_time,D3_average_speed,D4_stopped,D4_accumulated_waiting_time,D4_average_speed,D5_stopped,D5_accumulated_waiting_time,D5_average_speed,E1_stopped,E1_accumulated_waiting_time,E1_average_speed,E2_stopped,E2_accumulated_waiting_time,E2_average_speed,E3_stopped,E3_accumulated_waiting_time,E3_average_speed,E4_stopped,E4_accumulated_waiting_time,E4_average_speed,E5_stopped,E5_accumulated_waiting_time,E5_average_speed,F1_stopped,F1_accumulated_waiting_time,F1_average_speed,F2_stopped,F2_accumulated_waiting_time,F2_average_speed,F3_stopped,F3_accumulated_waiting_time,F3_average_speed,F4_stopped,F4_accumulated_waiting_time,F4_average_speed,F5_stopped,F5_accumulated_waiting_time,F5_average_speed,agents_total_stopped,agents_total_accumulated_waiting_time
5.0,0.0,0,0.0,0.0,10.334994202832489,0,0.0,0.8556975712481539,0,0.0,0.0153521671827599,0,0.0,0.8759379368122681,0,0.0,0.8811179812042401,0,0.0,0.8747919621698698,0,0.0,1.0,0,0.0,1.0,0,0.0,1.0,0,0.0,1.0,0,0.0,0.8690644665425875,0,0.0,1.0,0,0.0,1.0,0,0.0,1.0,0,0.0,1.0,0,0.0,0.8755894478707295,0,0.0,1.0,0,0.0,1.0,0,0.0,1.0,0,0.0,1.0,0,0.0,0.8670556723661424,0,0.0,1.0,0,0.0,1.0,0,0.0,1.0,0,0.0,1.0,0,0.0,0.8789763964106316,0,0.0
10.0,-0.0028,2,0.07,0.0028,8.82909273850124,1,2.0,0.0005869908622076,1,5.0,0.0,0,0.0,0.8250611973438273,0,0.0,0.8540688001037168,0,0.0,0.8016193977879001,0,0.0,1.0,0,0.0,1.0,0,0.0,1.0,0,0.0,1.0,0,0.0,1.0,0,0.0,1.0,0,0.0,1.0,0,0.0,1.0,0,0.0,1.0,0,0.0,0.8245697962127706,0,0.0,1.0,0,0.0,1.0,0,0.0,1.0,0,0.0,1.0,0,0.0,0.8125363959085216,0,0.0,1.0,0,0.0,1.0,0,0.0,1.0,0,0.0,1.0,0,0.0,0.8293457019731961,2,7.0
15.0,-0.0044,3,0.18,0.0072,8.238726739117505,1,7.0,0.0,1,10.0,0.0,0,0.0,0.905615705196024,0,0.0,0.9020336672155738,1,1.0,0.0061334986331221,0,0.0,1.0,0,0.0,1.0,0,0.0,1.0,0,0.0,0.8690644665425875,0,0.0,1.0,0,0.0,1.0,0,0.0,1.0,0,0.0,1.0,0,0.0,1.0,0,0.0,0.9053505807724176,0,0.0,1.0,0,0.0,1.0,0,0.0,1.0,0,0.0,0.9726122344803502,0,0.0,1.0,0,0.0,1.0,0,0.0,1.0,0,0.0,1.0,0,0.0,1.0,0,0.0,0.6322307905509139,3,18.0
20.0,-0.0071999999999999,4,0.36,0.0144,5.984414310060457,1,12.0,0.0,1,15.0,0.0,1,3.0,0.0002239929649002,0,0.0,0.9008741026529268,1,6.0,0.1411190778806781,0,0.0,1.0,0,0.0,1.0,0,0.0,1.0,0,0.0,0.8153689785609495,0,0.0,0.2247282988141461,0,0.0,1.0,0,0.0,1.0,0,0.0,1.0,0,0.0,1.0,0,0.0,0.5983483997131591,0,0.0,1.0,0,0.0,1.0,0,0.0,1.0,0,0.0,0.9164686431245636,0,0.0,0.5154854186619963,0,0.0,1.0,0,0.0,1.0,0,0.0,1.0,0,0.0,1.0,0,0.0,0.3818652384602812,4,36.0
25.0,-0.0084,5,0.5700000000000001,0.0228,7.293221382498067,1,17.0,0.0,1,20.0,0.0,1,8.0,0.0,0,0.0,0.513873728204697,1,11.0,0.4808140253206424,0,0.0,1.0,0,0.0,1.0,0,0.0,1.0,0,0.0,0.9003864866291992,0,0.0,0.618630009708522,0,0.0,1.0,0,0.0,1.0,0,0.0,1.0,0,0.0,1.0,1,1.0,0.497526326304729,0,0.0,1.0,0,0.0,1.0,0,0.0,1.0,0,0.0,0.9569483365282764,0,0.0,0.946155633177495,0,0.0,1.0,0,0.0,1.0,0,0.0,1.0,0,0.0,1.0,0,0.0,0.8224041807283938,5,57.0
30.0,-0.0136,7,0.91,0.0363999999999999,5.188449998467237,1,22.0,0.0,1,25.0,0.0,1,13.0,0.0,1,5.0,0.1497493355812739,1,16.0,0.4291561258103594,0,0.0,1.0,0,0.0,1.0,0,0.0,1.0,0,0.0,0.8674703013940694,1,4.0,3.227515097986001e-05,0,0.0,1.0,0,0.0,1.0,0,0.0,1.0,0,0.0,1.0,1,6.0,0.4470330385203623,0,0.0,1.0,0,0.0,1.0,0,0.0,1.0,0,0.0,0.8410324895337736,0,0.0,0.8274862563451532,0,0.0,1.0,0,0.0,1.0,0,0.0,1.0,0,0.0,1.0,0,0.0,0.4485099814527205,7,91.0
35.0,0.026,4,0.26,0.0104,7.146611145072796,0,0.0,1.0,0,0.0,1.0,0,0.0,1.0,1,2.0,0.0005396994937245,0,0.0,0.050149518246663,0,0.0,0.8406791692715787,0,0.0,0.8767924856059699,0,0.0,0.8759379368122681,0,0.0,0.890053292893644,1,9.0,0.3989481989662118,0,0.0,1.0,0,0.0,1.0,0,0.0,1.0,0,0.0,1.0,1,11.0,0.4922140179476834,0,0.0,1.0,0,0.0,1.0,0,0.0,1.0,0,0.0,0.9100014736946108,0,0.0,0.5165634848042303,0,0.0,1.0,0,0.0,1.0,0,0.0,1.0,0,0.0,1.0,1,4.0,0.0,4,26.0
40.0,-0.0124,7,0.5700000000000001,0.0228,7.022897668237274,0,0.0,0.063578127842868,0,0.0,0.962180416902456,0,0.0,0.9279750817336924,1,7.0,0.0,1,4.0,0.4557982879265804,0,0.0,0.9727839888024464,0,0.0,0.978953052930746,0,0.0,0.8250611973438273,1,2.0,0.4888211756378967,1,14.0,0.6158725953567131,0,0.0,1.0,0,0.0,1.0,0,0.0,1.0,0,0.0,1.0,1,16.0,0.2759593896890476,0,0.0,1.0,0,0.0,1.0,0,0.0,1.0,0,0.0,0.0125356688280241,1,5.0,0.5423571138012103,0,0.0,1.0,0,0.0,1.0,0,0.0,1.0,0,0.0,1.0,1,9.0,0.4973135844818569,7,57.0
45.0,-0.0196,10,1.06,0.0424,6.396629997446095,1,4.0,0.0,0,0.0,0.8801768818284985,0,0.0,0.9129070329502018,1,12.0,0.0,1,9.0,0.4483535939690851,0,0.0,0.8225253497702559,0,0.0,0.8627535996216976,0,0.0,0.905615705196024,1,7.0,0.4268946999476146,1,19.0,0.7045700935695277,0,0.0,1.0,0,0.0,1.0,0,0.0,1.0,0,0.0,1.0,2,26.0,0.2233506687841283,0,0.0,1.0,0,0.0,1.0,0,0.0,1.0,1,5.0,0.0,1,10.0,0.1309898965700521,0,0.0,1.0,0,0.0,1.0,0,0.0,1.0,0,0.0,1.0,1,14.0,0.4476511437066331,10,106.0
50.0,-0.0232,12,1.64,0.0655999999999999,6.320480044921351,1,9.0,0.0,0,0.0,0.8235124019208638,0,0.0,0.9191105712122628,1,17.0,0.0,1,14.0,0.4115881223684659,0,0.0,0.9083678139845134,0,0.0,0.929138118186792,0,0.0,0.8744274574781654,1,12.0,0.4622548998155712,1,24.0,0.6916608934533182,0,0.0,1.0,0,0.0,1.0,0,0.0,1.0,0,0.0,1.0,3,40.0,0.2442936169215128,0,0.0,1.0,0,0.0,1.0,0,0.0,1.0,1,10.0,0.0,2,19.0,5.239141646611723e-05,0,0.0,1.0,0,0.0,1.0,0,0.0,1.0,0,0.0,1.0,1,19.0,0.4822959904806958,12,164.0
55.0,-0.0204,19,2.15,0.086,3.730827104801692,0,0.0,1.0,1,1.0,0.3391778361360786,1,1.0,0.4625253873010007,1,22.0,0.0,2,19.0,0.3099425607301384,0,0.0,0.7881687654007661,0,0.0,0.0394772377446916,0,0.0,0.916014447129684,1,17.0,0.2877425081547058,3,32.0,0.3396388923283247,0,0.0,1.0,0,0.0,1.0,0,0.0,1.0,0,0.0,1.0,4,55.0,0.1702311015797209,0,0.0,1.0,0,0.0,1.0,0,0.0,1.0,1,15.0,0.0,3,29.0,0.0,0,0.0,1.0,0,0.0,1.0,0,0.0,1.0,0,0.0,1.0,2,24.0,0.3184462720700068,19,215.0
60.0,0.0544,5,0.7900000000000001,0.0316,7.991928026357243,0,0.0,1.0,1,6.0,0.439897573845225,1,8.0,0.5624082649003627,0,0.0,1.0,0,0.0,0.919692623312952,0,0.0,0.8481351251847701,1,3.0,0.0003832547626508,1,4.0,0.4682936423609081,1,5.0,0.4725958146163472,0,2.0,0.570849247200333,0,0.0,1.0,0,0.0,1.0,0,0.0,1.0,0,2.0,0.7926028746497956,0,31.0,0.5874923236247142,0,0.0,1.0,0,0.0,1.0,0,2.0,0.8764302441232227,0,2.0,0.9076108073784108,0,14.0,0.4978946430444439,0,0.0,1.0,0,0.0,1.0,0,0.0,1.0,0,0.0,1.0,0,0.0,0.6688932637051833,5,79.0
65.0,0.0016,9,0.75,0.03,8.097270879297502,0,0.0,1.0,1,11.0,0.5973788133347416,1,13.0,0.4319573981220848,0,0.0,1.0,2,3.0,0.0036155624500554,1,4.0,5.8559131535224376e-05,1,8.0,0.0,1,9.0,0.4531249817558065,1,10.0,0.4808973449275541,1,6.0,0.4486691997939127,0,0.0,1.0,0,0.0,1.0,0,0.0,1.0,0,2.0,0.9280001335336064,0,3.0,0.8460032488994975,0,0.0,1.0,0,0.0,1.0,0,2.0,0.9943153715428198,0,2.0,0.8121559761904675,0,2.0,0.8189369665928167,0,0.0,1.0,0,0.0,1.0,0,0.0,1.0,0,0.0,1.0,0,0.0,0.8854481985998672,9,75.0
70.0,-0.0204,11,1.26,0.0504,7.911876100762643,0,0.0,1.0,1,16.0,0.6585339169349478,1,18.0,0.4610145811510541,0,0.0,1.0,2,13.0,1.6674165117768667e-05,1,9.0,0.0,1,13.0,0.0,1,14.0,0.4164612240457014,1,15.0,0.4052227727470028,2,15.0,0.4636979072871101,0,0.0,1.0,0,0.0,1.0,0,0.0,1.0,0,2.0,0.90149959282215,1,5.0,0.632830117431403,0,0.0,1.0,0,0.0,1.0,0,2.0,0.8892264446150144,0,2.0,0.8220689080114553,0,2.0,0.8918656627775664,0,0.0,1.0,0,0.0,1.0,0,0.0,1.0,0,0.0,1.0,0,0.0,0.9911159009996072,11,126.0
75.0,-0.022,11,1.81,0.0724,7.718703736671889,0,0.0,0.4540580293018671,1,21.0,0.5581736785325111,1,23.0,0.4960583131063134,0,0.0,0.5562190536389388,2,23.0,0.2982125986100659,1,14.0,0.0,1,18.0,0.0,1,19.0,0.4393842040700757,1,20.0,0.4828549483212938,2,25.0,0.443091111115435,0,0.0,1.0,0,0.0,1.0,0,0.0,1.0,0,2.0,0.9001555450456878,1,10.0,0.5554050767059746,0,0.0,1.0,0,0.0,1.0,0,2.0,0.9625371742978948,0,2.0,0.8434452481675355,0,2.0,0.7667911022974021,0,0.0,1.0,0,0.0,1.0,0,0.0,1.0,0,0.0,1.0,0,0.0,0.7485994803769092,11,181.0
80.0,-0.022,11,2.36,0.0944,8.2366640029046,0,0.0,0.839468812338349,1,26.0,0.4813356666921046,1,28.0,0.4465825816628008,0,0.0,0.886549600963324,2,33.0,0.4706532063817292,1,19.0,0.0,1,23.0,0.0,1,24.0,0.4773978332447617,1,25.0,0.441522702306824,2,35.0,0.3627443084117768,0,0.0,1.0,0,0.0,1.0,0,0.0,1.0,0,2.0,0.9133018792015112,1,15.0,0.6723533966838493,0,0.0,1.0,0,0.0,1.0,0,2.0,0.8052216977817211,0,2.0,0.8108882337691892,0,2.0,0.8981133229472453,0,0.0,1.0,0,0.0,1.0,0,0.0,1.0,0,0.0,0.8919291305921461,0,0.0,0.8526394930502772,11,236.0
85.0,-0.0079999999999999,12,2.5600000000000005,0.1024,6.512944317323706,0,0.0,0.0178094248124221,2,35.0,0.2894459284957175,2,36.0,0.3148478475827806,0,0.0,0.9427391005063966,0,0.0,0.8341246721070348,1,24.0,0.0,1,28.0,0.0,1,29.0,0.1281254876664305,1,30.0,0.0082456627957991,3,46.0,0.3893262689370003,0,0.0,1.0,0,0.0,1.0,0,0.0,1.0,0,2.0,0.4915560061419107,1,20.0,0.7139352094075786,0,0.0,1.0,0,0.0,1.0,0,2.0,0.5079677799462705,0,2.0,0.465396638825881,0,2.0,0.6986155121066185,0,0.0,1.0,0,0.0,1.0,0,0.0,1.0,0,0.0,0.9241315902471764,0,0.0,0.99125140202554,12,256.0
90.0,-0.0384,23,3.52,0.1408,3.699121570020241,1,5.0,1.0043887362221354e-05,2,45.0,0.314648073350895,2,46.0,0.0930502045124054,0,0.0,0.8836521095873425,0,0.0,0.008384080583304,1,29.0,0.0,1,33.0,0.4696662453404053,2,37.0,1.4059921308756718e-05,2,40.0,5.542183059295918e-06,3,62.0,0.5000766984873649,0,0.0,1.0,0,0.0,1.0,0,0.0,1.0,2,8.0,0.016452636732779,2,28.0,0.2074026711789533,0,0.0,1.0,0,0.0,1.0,1,6.0,4.8884723748312585e-05,2,7.0,0.0015638016592659,2,6.0,0.3166063133380305,0,0.0,1.0,0,0.0,1.0,0,0.0,1.0,0,0.0,0.9229191908371877,0,0.0,0.9081155722321108,23,352.0
95.0,0.0908,14,1.25,0.05,7.3663023228947875,1,10.0,0.0,1,14.0,0.4558412681753858,1,15.0,0.0,0,0.0,0.921048968236422,0,0.0,0.9040035168887056,0,0.0,1.0,0,0.0,0.838299384009489,1,10.0,0.5443761526301295,1,12.0,0.0,1,4.0,0.6686547862480718,0,0.0,0.8406791692715787,0,0.0,0.8767924856059699,0,0.0,0.9766014021377604,4,25.0,0.1951485057469205,1,7.0,0.6738929288985244,0,0.0,1.0,0,0.0,1.0,1,11.0,0.0,2,17.0,0.0,0,0.0,0.6603733236349582,0,0.0,1.0,0,0.0,1.0,0,0.0,1.0,0,0.0,0.9699126681079968,0,0.0,0.4680991717224816,14,125.0
100.0,-0.036,19,2.1499999999999995,0.086,6.592822275776155,1,15.0,0.0,2,21.0,3.706939771201908e-05,1,20.0,0.0,0,0.0,1.0,0,0.0,0.8419565890091768,0,0.0,1.0,0,0.0,0.9332507491242772,1,15.0,0.509273130906125,1,17.0,0.4691257819840003,2,12.0,0.6174811084265078,0,0.0,0.9727839888024464,0,0.0,0.978953052930746,0,0.0,0.8474185676466554,4,45.0,0.185062790431296,2,19.0,0.6698949898107133,0,0.0,1.0,0,0.0,1.0,1,16.0,0.0,2,27.0,0.0,1,3.0,0.6341337136072327,0,0.0,1.0,0,0.0,1.0,0,0.0,1.0,0,0.0,0.0427116804129025,1,5.0,0.4086857110479691,19,215.0
105.0,-0.04,20,3.15,0.126,6.165069993643475,1,20.0,0.0,2,31.0,0.0,1,25.0,0.0,0,0.0,1.0,0,0.0,0.0550585755605088,0,0.0,1.0,0,0.0,0.9039091158757712,1,20.0,0.5893865215427198,1,22.0,0.4414021476685497,2,22.0,0.6465890030803813,0,0.0,0.8225253497702559,0,0.0,0.8627535996216976,0,0.0,0.9212204662817368,4,65.0,0.1923004331856416,2,29.0,0.6444948352927917,0,0.0,1.0,0,0.0,1.0,1,21.0,0.0,2,37.0,0.0,1,8.0,0.5405834831456339,0,0.0,1.0,0,0.0,1.0,0,0.0,1.0,1,5.0,0.0,1,10.0,0.3880400091538353,20,315.0
110.0,-0.044,23,4.25,0.17,4.945306925008005,1,25.0,0.1305257487031166,2,41.0,0.0998835451919789,1,30.0,0.1460419543442289,0,0.0,0.2997785165215837,1,5.0,0.1977733962678396,0,0.0,1.0,0,0.0,0.8273780812831996,1,25.0,0.5440655134799357,1,27.0,0.4709669362461909,2,32.0,0.3477133879740134,0,0.0,0.9083678139845134,0,0.0,0.9249086475341884,0,0.0,0.8178809584890703,4,85.0,0.2919337351670425,2,39.0,0.6074916760272302,0,0.0,1.0,0,0.0,1.0,1,26.0,0.0,2,47.0,0.0,2,16.0,0.3021332190309477,0,0.0,1.0,0,0.0,1.0,0,0.0,1.0,1,10.0,0.0,2,17.0,0.0171536134254727,23,425.0
115.0,-0.0252,25,4.88,0.1951999999999999,6.290914074501592,0,0.0,0.9601397962200908,1,34.0,0.6243504897872554,1,35.0,0.6247425902999092,0,0.0,0.8393707190401899,1,10.0,0.5654143764850176,0,0.0,1.0,0,0.0,0.9330899518870024,1,30.0,0.5746593103665759,1,32.0,0.4713695502531983,5,52.0,0.2427649996916705,0,0.0,0.7881687654007661,1,1.0,0.4977992036879509,0,0.0,0.9987242877403636,4,105.0,0.3395040500391258,1,29.0,0.7353723684231497,0,0.0,1.0,0,0.0,1.0,1,31.0,0.0,2,57.0,0.0,2,26.0,0.3875236463119492,0,0.0,1.0,0,0.0,1.0,0,0.0,1.0,1,15.0,0.0,3,31.0,3.387851043079706e-05,25,488.0
120.0,0.1064,11,2.2200000000000006,0.0888,6.6809214786422,0,0.0,0.7217516602967694,0,2.0,0.8792628349788326,0,2.0,0.555856147558827,0,0.0,0.2557578408616509,0,0.0,0.952298414774401,0,0.0,1.0,0,2.0,0.5098033467986299,0,2.0,0.4060891701438209,0,0.0,0.8400860551371518,5,34.0,0.1908778778970987,0,0.0,0.998516158987494,1,6.0,0.4528174185683234,1,4.0,0.398111108415922,2,91.0,0.4545052345736916,1,10.0,0.4077292477073211,0,0.0,1.0,0,2.0,0.746266750240652,0,2.0,0.964636893855364,0,30.0,0.2566351957131281,1,13.0,0.4028362985680638,0,0.0,1.0,0,0.0,1.0,0,2.0,0.6833433460136237,0,2.0,0.8445416925326092,0,18.0,0.2705002657897726,11,222.0
125.0,0.0232,20,1.6400000000000003,0.0656,7.003796758664109,1,4.0,0.0004330600410997,0,2.0,0.8809111502135544,1,6.0,0.5925481924810398,1,3.0,0.0001390592244851,0,0.0,0.4842137214085671,0,0.0,1.0,1,7.0,0.4164940014035831,2,9.0,0.3251060866296134,0,0.0,0.0171248329525402,5,59.0,0.2586661551059351,1,2.0,0.0001407577936531,1,11.0,0.4930643042012099,1,9.0,0.6805272881272926,1,10.0,0.7034005560843256,4,27.0,0.413729968350956,0,0.0,1.0,0,2.0,0.8991271748317549,0,2.0,0.901084268120407,0,0.0,1.0,1,7.0,0.647289363931116,0,0.0,1.0,0,0.0,1.0,0,2.0,0.9065700633043104,0,2.0,0.8569194911791783,0,0.0,1.0,20,164.0
130.0,-0.0472,26,2.8200000000000003,0.1128,6.825602537081244,1,9.0,0.0,0,2.0,0.8791033715685961,1,11.0,0.6224063182364127,1,8.0,0.0,2,6.0,0.3127249944308382,0,0.0,1.0,1,12.0,0.4393842040700757,2,19.0,0.2841532908148509,1,5.0,0.0,5,84.0,0.319497077483714,1,7.0,0.0,2,17.0,0.0008900103919353,1,14.0,0.7059256876454423,2,16.0,0.6211551186175254,5,52.0,0.4462058815773178,0,0.0,1.0,0,2.0,0.9643055395710948,0,2.0,0.8165755378926514,0,0.0,1.0,1,12.0,0.6336919278533085,0,0.0,1.0,0,0.0,1.0,0,2.0,0.968521553391334,0,2.0,0.984804271457596,0,0.0,0.7151615167404565,26,282.0
135.0,-0.052,26,4.12,0.1648,6.662081598251034,1,14.0,0.0,0,2.0,0.4785316246560473,1,16.0,0.4692169483196353,1,13.0,0.0,2,16.0,0.3131831064587192,0,0.0,1.0,1,17.0,0.4773978332447617,2,29.0,0.2980284662962161,1,10.0,0.0,5,109.0,0.3497153732264613,1,12.0,0.0,2,27.0,0.0,1,19.0,0.7253512817606457,2,26.0,0.5797508469646946,5,77.0,0.4877509400583212,0,0.0,1.0,0,2.0,0.8982085268333196,0,2.0,0.7805559428875364,0,0.0,1.0,1,17.0,0.587401008877338,0,0.0,1.0,0,0.0,1.0,0,2.0,0.9717474041265892,0,2.0,0.8263656716088714,0,0.0,0.8169350990999246,26,412.0
140.0,-0.0571999999999999,29,5.549999999999998,0.222,5.566923110962916,1,19.0,0.0,1,7.0,0.29776739133161,1,21.0,0.6151326101748106,1,18.0,0.4426403383026406,2,26.0,0.3219519625235083,0,0.0,1.0,1,22.0,0.4059520082352787,2,39.0,0.292874294085838,1,15.0,0.0,6,138.0,0.2231770681331458,1,17.0,0.0,2,37.0,0.0,1,24.0,0.700451675108226,3,40.0,0.4010080291370154,5,102.0,0.3456917778055222,0,0.0,1.0,0,2.0,0.963269554734533,0,2.0,0.766147756318714,0,0.0,1.0,1,22.0,0.640660284955859,0,0.0,1.0,0,0.0,1.0,0,2.0,0.1578326335009617,0,2.0,0.8547271329805672,0,0.0,0.9532596099502104,29,555.0
145.0,-0.044,41,6.649999999999999,0.266,3.189671526230276,2,24.0,0.0,3,15.0,2.69871183716992e-05,2,26.0,0.2201043862452701,2,23.0,0.2794117703120092,3,16.0,0.1259875077543769,0,0.0,1.0,1,27.0,0.1945615143950154,2,49.0,0.0131500001888424,1,20.0,0.0,7,160.0,0.2047125553178844,1,22.0,0.0,2,47.0,0.0,1,29.0,0.4710186084927809,1,35.0,0.4146177483461158,8,132.0,0.1732515943805444,0,0.0,1.0,0,2.0,0.6491180216109868,0,2.0,0.4135210336894591,0,0.0,0.8622054012852052,3,29.0,0.2161316739048452,0,0.0,1.0,0,0.0,1.0,1,5.0,0.0001087710629181,0,2.0,0.5044907176363387,1,0.0,0.4966834200429946,41,665.0
150.0,-0.0799999999999999,45,8.65,0.346,3.653323334600477,1,29.0,0.4153125077297188,2,25.0,0.2843637287329733,2,35.0,0.4473718054984273,1,28.0,0.6101298505647353,1,21.0,0.5578778751933365,0,0.0,1.0,2,37.0,0.0,3,63.0,1.5469409444950516e-05,1,25.0,0.0,6,190.0,0.2872888382385399,1,27.0,0.0,2,57.0,0.0,3,38.0,0.0275287980127139,4,49.0,0.2733645595809417,9,173.0,0.282162753496867,0,0.0,1.0,1,6.0,3.695491927982478e-05,2,7.0,0.000863705638904,0,0.0,0.9341644985932858,2,39.0,0.4231418059791748,0,0.0,1.0,0,0.0,1.0,1,10.0,0.0,1,6.0,0.2739702684705951,0,0.0,0.4490464844000948,45,865.0
155.0,0.22,23,3.15,0.126,6.894459033324599,0,0.0,0.9032571636220956,1,15.0,0.4814160047802284,1,11.0,0.5820984561194166,0,0.0,0.8774788728412539,0,0.0,0.9023886226760726,0,0.0,0.9602509267468048,2,47.0,0.3007967677210237,1,11.0,0.4281964104069551,0,0.0,0.9333956573412532,0,51.0,0.7458582133432857,0,0.0,1.0,0,0.0,1.0,4,24.0,0.2676070753461032,4,34.0,0.1683787920772633,1,43.0,0.5415979324860346,0,0.0,0.8966792466214025,1,12.0,0.5915950741248025,2,17.0,0.3037237928122406,0,0.0,0.901704287131778,1,13.0,0.4569008364681485,0,0.0,1.0,0,0.0,1.0,1,15.0,0.0,2,15.0,8.356452031125525e-05,2,7.0,0.0003374088997278,23,315.0
160.0,-0.0268,28,3.82,0.1528,6.582486924155346,0,0.0,0.8642622590476794,1,20.0,0.0378348739060247,2,18.0,0.0030268620138358,0,0.0,0.5084478042033477,0,0.0,0.9415334415300304,0,0.0,0.9662505569216108,2,57.0,0.2774683658462775,1,16.0,0.4844990253200749,0,0.0,0.9180229474067118,0,1.0,0.924509772945646,0,0.0,1.0,0,0.0,1.0,4,44.0,0.30209999126216,5,58.0,0.1503491720769197,3,39.0,0.5410026911414889,0,0.0,0.8158659006176883,1,17.0,0.6344603991728336,2,27.0,0.2805643987418744,0,0.0,0.9297541961384496,2,23.0,0.515463274893245,0,0.0,1.0,0,0.0,1.0,1,20.0,0.0,2,25.0,0.0,2,17.0,0.0,28,382.0
165.0,-0.0616,31,5.359999999999999,0.2143999999999999,6.330047216002245,0,0.0,1.0,2,29.0,0.0,2,28.0,0.0,1,5.0,0.0,0,0.0,0.7935185853665373,0,0.0,0.8556342190868491,2,67.0,0.3002728844931471,1,21.0,0.5629587891891283,0,0.0,0.9225400659324172,0,1.0,0.7324544116378062,0,0.0,1.0,0,0.0,1.0,4,64.0,0.2734139971268782,5,83.0,0.2608888699927573,4,59.0,0.5659458560428978,0,0.0,0.8663921650228071,1,22.0,0.6201648773996365,2,37.0,0.2950441564319951,0,0.0,0.8895423637173409,2,33.0,0.5133496446960689,0,0.0,1.0,0,0.0,1.0,1,25.0,0.0,2,35.0,0.0,2,27.0,0.2142433344456833,31,536.0
170.0,-0.064,33,6.959999999999999,0.2784,6.305962847879397,0,0.0,1.0,2,39.0,0.0,2,38.0,0.0,1,10.0,0.4822065911972817,0,0.0,0.3662275431753514,0,0.0,0.7845668112300552,2,77.0,0.3295454477419082,1,26.0,0.5611452127989683,0,0.0,0.965303534192132,1,5.0,0.7195450673300526,0,0.0,1.0,0,0.0,1.0,4,84.0,0.2705844378991341,5,108.0,0.249396706690589,5,80.0,0.5123379719480252,0,0.0,0.9501808642510942,1,27.0,0.6421858078680724,2,47.0,0.4473212649580037,0,0.0,0.9745674632154956,2,43.0,0.6002405634845308,0,0.0,1.0,0,0.0,1.0,1,30.0,0.0,2,45.0,0.0,2,37.0,0.2928258336972518,33,696.0
175.0,-0.0192,32,7.439999999999999,0.2976,5.489926379791361,0,0.0,1.0,1,35.0,0.0,2,48.0,0.3233867164210561,1,15.0,0.4117185572735785,2,8.0,0.2741969813811598,1,2.0,0.4200929995922084,1,32.0,0.4584243954602817,1,31.0,0.411419571236912,0,0.0,0.6761176827393789,1,10.0,0.4899745425845649,0,0.0,1.0,0,0.0,1.0,4,104.0,0.287284395219512,5,134.0,0.3787034740795491,2,43.0,0.5834007974163863,0,0.0,0.7927017476077713,1,32.0,0.1664414214831553,2,57.0,0.4259148993701316,0,0.0,0.5958570620542678,3,56.0,0.4872970144345849,0,0.0,1.0,0,0.0,1.0,1,35.0,0.0,2,55.0,0.0,2,47.0,0.2790176736401388,32,744.0
180.0,0.146,15,3.79,0.1516,6.323784708189519,0,2.0,0.8917716329955742,0,0.0,1.0,0,20.0,0.6029011599411996,0,2.0,0.8165366355756677,0,6.0,0.1549316134191613,1,9.0,0.637737991599478,0,2.0,0.4442491254433792,1,5.0,0.6563255444874717,1,7.0,0.2658894044233039,2,9.0,0.1905207973238141,0,0.0,1.0,0,2.0,0.9638703321842718,1,86.0,0.1496576068625352,3,120.0,0.4706838203868247,2,20.0,0.4098741424305291,0,2.0,0.9000004509485642,2,9.0,0.2938347393683362,1,32.0,0.4949671463644528,1,3.0,0.001207192754503,0,10.0,0.567640631804773,0,0.0,1.0,0,2.0,0.7986794020666059,0,2.0,0.8492719650738184,0,29.0,0.5822723698677189,0,0.0,0.900220936004599,15,379.0
185.0,0.0644,27,2.18,0.0872,7.579860052403866,0,2.0,0.8960850703842549,0,0.0,0.9744738045654268,0,0.0,0.8492684881995989,0,4.0,0.8930037888615728,1,1.0,0.4510668353230516,1,14.0,0.6472483283464564,1,7.0,0.4878285428562883,1,10.0,0.5582447921533489,2,15.0,0.4470360974877853,5,30.0,0.1594674420694644,0,0.0,1.0,0,2.0,0.898984067026174,2,8.0,0.4443602717937441,1,35.0,0.6583396675233077,6,31.0,0.2972742752876097,1,5.0,0.4827246422141738,2,19.0,0.4650761752040713,1,8.0,0.6278136712587726,1,11.0,0.5699975896096886,2,7.0,0.1906680010970156,0,0.0,1.0,0,2.0,0.855315590615473,0,2.0,0.903679670732224,0,5.0,0.8890684857078832,0,0.0,0.9916350323068068,27,218.0
190.0,-0.0484,32,3.39,0.1356,6.99171991743428,0,2.0,0.4644900879082074,0,0.0,0.8339823264688393,0,0.0,0.8954350374782675,0,4.0,0.7366449444389079,1,6.0,0.4787238434750536,1,19.0,0.3070457798247723,1,12.0,0.4666415876581168,1,15.0,0.5796419813549774,2,25.0,0.4351739237080519,5,55.0,0.0244799193375847,0,0.0,1.0,0,2.0,0.8829991897155844,2,18.0,0.6135286333270725,1,15.0,0.767415705164271,9,66.0,0.2255012804590193,1,10.0,0.4492761214777956,2,29.0,0.494569316845447,1,13.0,0.4864628519081286,1,16.0,0.6144826862079977,4,23.0,0.1971270708789149,0,0.0,1.0,0,2.0,0.99459538519667,0,2.0,0.8847842288284788,0,5.0,0.9053427766280264,0,0.0,0.9949732765120416,32,339.0
195.0,-0.0696,36,5.129999999999999,0.2052,6.982615006394418,1,6.0,0.461772998918699,0,0.0,0.996592026888188,0,0.0,0.9034480367598596,1,8.0,0.7120959567950372,1,11.0,0.0,2,27.0,0.2792159307488143,1,17.0,0.432984884448027,1,20.0,0.5739346415024424,2,35.0,0.441606509261199,6,83.0,0.0,0,0.0,1.0,0,2.0,0.9104828047781512,2,28.0,0.6312569551952809,1,20.0,0.7731696120272449,9,111.0,0.2460604400004536,1,15.0,0.4814220774987508,2,39.0,0.4977397243120589,1,18.0,0.4260599354064381,1,21.0,0.6711423114659087,4,43.0,0.0,0,0.0,1.0,0,2.0,0.9240663372996284,0,2.0,0.8487139679380534,0,5.0,0.9272813754793447,0,0.0,1.0,36,513.0
200.0,-0.072,37,6.929999999999999,0.2772,6.028178701932347,1,11.0,0.3157864536379455,0,0.0,0.0111505174618023,0,0.0,0.8357444551390415,1,13.0,0.7560257959212986,1,16.0,0.0945688440858072,2,37.0,0.3023202967542018,1,22.0,0.4913700375813135,2,26.0,0.2052732650599922,2,45.0,0.4556270851811663,6,113.0,0.0376025884922246,0,0.0,1.0,0,2.0,0.8818755189873881,2,38.0,0.642351911532377,1,24.0,0.6739551048019009,9,156.0,0.1195465028661377,1,20.0,0.4641996987186862,2,49.0,0.4868011756737299,1,23.0,0.4288441460475284,1,26.0,0.7070885867143696,4,63.0,0.0509358100913239,0,0.0,1.0,0,2.0,0.3202602642922658,0,2.0,0.9267974087793558,0,5.0,0.8668664621100006,0,0.0,0.2903259528696904,37,693.0
205.0,-0.0752,46,8.81,0.3523999999999999,4.677218704041442,1,14.0,0.4274677235559488,1,5.0,0.4592045591614589,1,3.0,0.667847648872939,1,18.0,0.4011677762481522,1,21.0,0.6382729983854378,2,45.0,0.3189098038030258,1,27.0,0.0566314904743561,3,41.0,0.0,3,57.0,0.0020342628277819,4,117.0,0.2607683205781016,0,0.0,1.0,0,2.0,0.5245456476826503,2,48.0,0.5203861842324485,2,31.0,0.1862547567261098,11,208.0,0.2209404027269892,1,25.0,0.0721822224390889,2,59.0,0.4551275699474831,2,30.0,0.0001644273756476,2,33.0,0.2414660765896603,4,83.0,0.2652772227175978,0,0.0,1.0,1,6.0,0.0,1,3.0,0.4431515551838961,0,5.0,0.6611990133547221,0,0.0,0.571540132135336,46,881.0
210.0,-0.1235999999999999,75,11.9,0.476,2.7616119306749827,1,19.0,0.4183141467702222,1,10.0,0.4400779731739518,2,9.0,0.457236341044989,6,42.0,0.212855865106754,3,28.0,0.3851144944676922,2,55.0,0.2816271425204239,2,35.0,1.913045313017397e-05,3,56.0,0.0,4,77.0,1.7567238907248837e-06,6,141.0,0.1234697637872241,0,0.0,0.9263394272593354,2,7.0,0.0252690739762455,4,63.0,0.4245977712024608,4,48.0,0.0001158884769091,13,264.0,0.0815354857969529,2,35.0,5.085827279670867e-06,4,76.0,0.1309806607116172,2,40.0,0.0,3,47.0,0.2320458080651926,5,103.0,0.275702189602749,0,0.0,1.0,1,11.0,0.0,2,11.0,0.0,1,10.0,0.2874852679018504,2,3.0,0.3030156853630514,75,1190.0
215.0,0.2271999999999999,45,6.22,0.2488,5.583196059616968,0,0.0,1.0,0,0.0,0.7953268025223341,1,13.0,0.3687984360281355,5,48.0,0.2586477103370366,1,8.0,0.5980349406083011,0,0.0,0.941341771837587,1,10.0,0.421278095744905,1,15.0,0.4361969881905627,1,12.0,0.4899835794291825,2,22.0,0.4479298620279736,0,1.0,0.903945337136424,4,25.0,0.179433198336946,3,18.0,0.3518891404517207,3,32.0,0.3295915463372137,7,221.0,0.276941777594596,1,12.0,0.0,3,21.0,2.242995700286837e-05,1,13.0,0.6012080437229481,2,24.0,0.3638974658449985,0,53.0,0.7278232707292988,0,0.0,0.9228732804760208,1,17.0,0.5708779390238813,2,21.0,0.3030165879816914,3,22.0,0.3689021388050715,3,14.0,0.2125282905720219,45,622.0
220.0,-0.0532,52,7.549999999999998,0.302,5.240400709382174,0,0.0,0.2487435443824259,0,0.0,0.5595883302132512,2,21.0,0.0912462873006279,6,78.0,0.1432970788598903,2,16.0,0.4813643683290353,0,0.0,0.8414938099607694,1,15.0,0.4872369022827134,1,20.0,0.6061619704367998,1,17.0,0.6283283700986976,3,34.0,0.2679017899028803,0,1.0,0.8843739960843031,4,45.0,0.1839861140162235,6,42.0,0.2121331220971411,3,50.0,0.4990497854815559,4,184.0,0.34053514524439,1,17.0,0.0,3,36.0,0.0,1,18.0,0.5688648865652502,3,39.0,0.3736848210380691,1,2.0,0.692032869764542,0,0.0,0.9289541877110348,1,22.0,0.627808922958502,2,31.0,0.29117202474883,4,38.0,0.1843264898934296,3,29.0,0.3379802757748043,52,755.0
225.0,-0.0724,56,9.36,0.3743999999999999,6.045766584740192,0,0.0,1.0,0,0.0,0.9769392306866738,2,31.0,0.0,6,108.0,0.3098895036341296,2,26.0,0.5736382820710041,0,0.0,0.909518509537215,1,20.0,0.4169911632344196,1,25.0,0.6584285715656524,1,22.0,0.580233854489264,4,52.0,0.3131054065264534,0,1.0,0.8010427745498303,4,65.0,0.1905744867334178,7,76.0,0.2150189461494823,3,65.0,0.5353385373000895,5,117.0,0.4287168125954774,1,22.0,0.0,3,51.0,0.0,1,23.0,0.5903793841849635,3,54.0,0.4515723311908661,2,8.0,0.655215789918935,0,0.0,0.9895967529222602,1,27.0,0.6316029892745716,2,41.0,0.3311581173125797,4,58.0,0.1661919078571691,3,44.0,0.4272832238117376,56,936.0
230.0,-0.1027999999999999,58,11.929999999999996,0.4772,5.578242548939847,0,0.0,1.0,1,1.0,0.4844287323687001,2,41.0,0.0,6,138.0,0.3037314955849525,3,40.0,0.5184183496264821,0,0.0,0.9036441542024344,1,25.0,0.498296013444094,1,30.0,0.7065226462675828,1,27.0,0.5825445793077226,4,72.0,0.2103524681857156,0,1.0,0.8518370119467462,4,85.0,0.164516345187059,7,111.0,0.1994089583542347,3,80.0,0.4799435705975267,5,114.0,0.2376324794258952,1,27.0,0.0,3,66.0,0.0,1,28.0,0.5627041220628733,3,69.0,0.44373911039869,2,18.0,0.6434021897618895,0,0.0,0.95761455179443,1,32.0,0.5654240914827522,2,51.0,0.2812587682465819,4,78.0,0.1813674327657857,3,59.0,0.4753398638103216,58,1193.0
235.0,-0.0944,61,14.29,0.5716,5.013643727774289,0,0.0,1.0,0,0.0,0.8320006685206892,2,51.0,0.2556095451155286,6,168.0,0.299781429378787,4,56.0,0.4674232349783024,0,0.0,0.8531072078516089,1,30.0,0.263978048434701,1,35.0,0.6831610593494695,0,0.0,0.8613896641020005,6,98.0,0.1111367178478467,0,1.0,0.4445692432946407,4,105.0,0.1659180322777396,7,146.0,0.0950913040395532,3,95.0,0.4197947860796585,6,115.0,0.2954136657174075,1,32.0,0.0,3,81.0,0.0,1,33.0,0.6158442344746154,3,84.0,0.4520168428641217,3,29.0,0.4946762932117856,0,0.0,0.8714371589284768,1,37.0,0.2895763692182272,2,61.0,0.3025160148532967,4,98.0,0.159027528775523,3,74.0,0.5418922960407523,61,1429.0
240.0,0.15,36,10.54,0.4216,5.282823880598943,0,0.0,0.8872202965034255,1,6.0,0.4938669268013846,0,2.0,0.7436568884623099,3,130.0,0.4337612357281853,2,46.0,0.4508428129811939,1,4.0,0.4300434312130708,1,4.0,0.0,0,0.0,0.5549535798687496,1,5.0,0.5732464304464555,3,82.0,0.3123946239273228,3,14.0,0.3836561519400358,1,89.0,0.2880917000235227,5,149.0,0.2443266975746662,2,79.0,0.3207164330558408,5,117.0,0.1350854689660089,0,2.0,0.8169944575842577,0,59.0,0.4471796504903362,0,1.0,0.1465816943238813,1,60.0,0.3411071071629056,1,24.0,0.5665045771044298,0,2.0,0.518749364452099,1,6.0,0.3927042756936971,1,35.0,0.5195799081477377,2,83.0,0.2890090021664787,2,55.0,0.3090633463645095,36,1054.0
245.0,0.2688,35,3.82,0.1528,7.550638021870708,1,1.0,0.0018278376493843,1,11.0,0.6520257923796878,1,4.0,0.7019509847079503,1,15.0,0.7439381190307568,3,18.0,0.4945719712417823,2,12.0,0.4380159111137129,1,9.0,0.0,2,6.0,0.4789982236921686,2,12.0,0.5745698769629627,0,19.0,0.4376429612445182,3,29.0,0.4578093111622174,1,7.0,0.6752218172213389,1,80.0,0.5629206715466613,3,26.0,0.5377920918103481,4,65.0,0.2619002611229682,0,2.0,0.7977593113634621,0,2.0,0.8334678697987942,2,9.0,0.0001405019638033,1,9.0,0.6009833876744585,0,0.0,0.5601061668646905,1,6.0,0.4608568562367506,1,11.0,0.6186520189151614,1,9.0,0.7048741233801072,1,10.0,0.5698509409761552,2,10.0,0.2367709241974039,35,382.0
250.0,-0.05,43,5.07,0.2028,7.559829500848048,1,6.0,0.0,1,16.0,0.6110645724106619,1,9.0,0.7685598060190805,2,19.0,0.5429077096502686,4,37.0,0.5142329188291239,3,24.0,0.2411980070676177,1,14.0,0.0,3,19.0,0.2274218869860367,2,22.0,0.6966421145123584,1,5.0,0.5990790621443033,4,48.0,0.521820611414541,1,12.0,0.6837514589514927,1,38.0,0.6076364457380805,3,41.0,0.6324108970856133,4,79.0,0.2827945253883805,0,2.0,0.7729243450356872,0,2.0,0.959433211064446,2,19.0,0.4383494885909201,1,14.0,0.7740369527527022,2,5.0,0.2525001698796703,1,11.0,0.4327749911333218,1,16.0,0.5557451249193991,1,14.0,0.707171311163532,1,15.0,0.6571761445251731,2,20.0,0.289964894303034,43,507.0
255.0,-0.0824,57,7.130000000000001,0.2852,6.822830621464194,2,11.0,0.0,2,21.0,0.4538350957033217,2,14.0,0.6504544423191908,3,29.0,0.4910852882160283,6,57.0,0.290197356741699,3,39.0,0.2026113863735014,1,19.0,0.0,3,34.0,0.0,2,32.0,0.6421171175867261,2,10.0,0.2773720144535353,4,68.0,0.492472919474937,1,17.0,0.6753723262354605,2,25.0,0.6338839318268857,3,56.0,0.5851816771294088,5,99.0,0.2527801665893468,0,2.0,0.8104350495558371,0,2.0,0.8998949807735749,2,29.0,0.4515851906289092,1,19.0,0.7674931598684849,6,24.0,0.1879561240669069,1,16.0,0.4602167679246777,1,21.0,0.6017837731977668,1,19.0,0.7209242682692844,1,20.0,0.7016784240142279,3,30.0,0.2315461837322462,57,713.0
260.0,-0.0975999999999999,50,9.57,0.3828,7.2441803187231955,1,16.0,0.4377045705635657,1,26.0,0.435516537100401,1,19.0,0.7803814980515925,2,39.0,0.667041328710705,4,77.0,0.3389261839850901,3,54.0,0.2414274741606469,1,24.0,0.4437456069181251,3,49.0,0.0,2,42.0,0.640743877295302,1,15.0,0.5353563545221139,4,88.0,0.5084580646155703,1,22.0,0.6752577539566715,2,35.0,0.6344812033717026,3,71.0,0.5781871079865568,4,119.0,0.328406375286237,0,2.0,0.7925645935391622,0,2.0,0.9046305571862068,2,39.0,0.4247599293933699,2,25.0,0.5992191899055547,7,57.0,0.2605992604466989,1,21.0,0.1806737685607446,1,26.0,0.624129828126541,1,24.0,0.6269851397388387,1,25.0,0.6897689246683205,2,40.0,0.4492308721207453,50,957.0
265.0,-0.112,66,12.37,0.4948,5.279793916566345,1,21.0,0.4593219076193697,3,37.0,0.0035804308524226,3,27.0,0.5262923650461114,2,49.0,0.6794270476651835,6,103.0,0.0459923572435543,3,67.0,0.0,1,29.0,0.4845206985074726,3,64.0,0.0,2,50.0,0.6173330412848776,2,23.0,0.3089268305770551,5,110.0,0.2982127690782541,2,29.0,0.5725712980698282,3,46.0,0.373541604330836,4,88.0,0.4197436723442933,6,142.0,0.1532634268077391,0,2.0,0.7565722654705235,1,3.0,0.001076866034519,2,49.0,0.4365796828820315,2,35.0,0.4865376700457405,8,93.0,0.189127699615855,2,30.0,0.0,1,31.0,0.208320103232119,1,29.0,0.5256226913549237,1,30.0,0.6753204244691562,2,50.0,0.4364033839751743,66,1237.0
270.0,-0.1592,91,16.35,0.6539999999999999,3.357288438732952,1,26.0,0.4558884971778513,4,57.0,0.0,5,48.0,0.1710369172860409,3,60.0,0.408587387073322,8,141.0,0.0960610992374804,3,82.0,0.0,1,34.0,0.497081685189601,3,79.0,0.0,3,62.0,0.4596367007391269,2,33.0,0.4422362096116404,8,143.0,0.095790920742148,3,40.0,0.499163032722376,5,66.0,0.1556566146806231,5,113.0,0.3548881686328776,7,173.0,0.1152008474292358,2,5.0,0.0064890294038671,1,8.0,0.0,2,59.0,0.4514679997829944,5,52.0,0.0259870669313658,8,133.0,0.1662407999105476,2,40.0,0.0,3,44.0,0.0003046618676667,2,38.0,0.2981243348185342,2,37.0,0.4312123910786297,3,62.0,0.3516239545206848,91,1635.0
275.0,0.3028,70,8.78,0.3511999999999999,4.865657793648165,0,0.0,0.4531700168965736,1,20.0,0.4226609219724594,7,46.0,0.056114033985411,4,21.0,0.4010152761758345,5,117.0,0.3664892599024756,0,24.0,0.8359854341288511,0,1.0,0.8543677129795487,0,26.0,0.740019678941337,3,15.0,0.2814528361013466,1,13.0,0.379792988676443,4,61.0,0.3729026055137356,4,24.0,0.1972153563496605,5,34.0,0.2455189871143172,6,72.0,0.3391108956193669,3,97.0,0.2973922892606179,3,19.0,0.3039355608846361,1,13.0,0.4909505433060965,0,0.0,0.8536521892521357,6,45.0,0.232737938169766,4,115.0,0.2425756112086271,2,50.0,0.0,2,20.0,0.0,4,21.0,0.3604248089617458,3,14.0,0.3669149550717664,2,10.0,0.4338423342732856,70,878.0
280.0,-0.0596,87,10.270000000000003,0.4108,5.006077358698246,0,0.0,0.9119160779526456,1,17.0,0.4094898177252226,7,81.0,0.0,5,47.0,0.4582676455673082,6,132.0,0.2746973149375369,0,0.0,0.923811288704516,0,1.0,0.65770179335209,0,1.0,0.905884266923838,6,41.0,0.269002629421104,3,24.0,0.2112065024281619,4,54.0,0.4611258505938765,6,49.0,0.1091656865007481,5,59.0,0.3635662924571295,9,78.0,0.3342977949600907,4,47.0,0.1745991687892553,3,36.0,0.4605806885721267,1,18.0,0.4477516138161452,2,8.0,0.4414262537970506,6,75.0,0.3022132602847067,3,67.0,0.461061846633281,2,60.0,0.0,2,30.0,0.0,4,41.0,0.3360236921448679,5,39.0,0.3392422067639541,3,22.0,0.5036866810083452,87,1027.0
285.0,-0.1664,93,14.429999999999998,0.5771999999999999,5.026988073520132,0,0.0,0.9531417138311984,1,22.0,0.4916768856581653,7,116.0,0.0,7,78.0,0.2382722790244031,6,162.0,0.3340780767605548,0,0.0,0.935997969137321,1,6.0,0.6327810787536388,0,1.0,0.8583571106392199,6,71.0,0.330440273557035,3,39.0,0.3367058249344857,4,74.0,0.4680178059867901,7,84.0,0.1237294364855777,5,84.0,0.3872458954063854,9,123.0,0.3434464239193412,4,67.0,0.312102636216974,3,51.0,0.4415050945582816,1,23.0,0.4511951515815355,2,18.0,0.4106993316314465,6,105.0,0.305125966114041,4,45.0,0.4256830444494722,2,70.0,0.0,2,40.0,0.0,4,61.0,0.3739117997373039,6,66.0,0.3014030571520749,3,37.0,0.542283484845577,93,1443.0
290.0,-0.1891999999999999,96,19.16,0.7664,4.598537522544518,0,0.0,0.1235599385092391,1,27.0,0.0269535245099821,7,151.0,0.0,8,117.0,0.2163522287370815,6,192.0,0.3691712911509869,0,0.0,0.9284241175198368,1,11.0,0.657770447090274,0,1.0,0.9416357382113482,6,101.0,0.3434273986552441,4,55.0,0.1752148201425534,4,94.0,0.4364126732376789,7,119.0,0.1217335045166273,5,109.0,0.3349306297244011,9,168.0,0.337116343540518,4,87.0,0.065455310921465,3,66.0,0.4412757913363479,1,28.0,0.4185600307106426,2,28.0,0.4578898766116811,6,135.0,0.2887498611319701,4,65.0,0.3097811604960615,2,80.0,0.0,2,50.0,0.0,4,81.0,0.391742029517604,6,96.0,0.3230289194771937,4,55.0,0.5368455053584387,96,1916.0
295.0,-0.1008,100,21.680000000000007,0.8672,4.378140614531186,1,2.0,0.4175768299024371,2,37.0,0.3130124249943938,7,186.0,0.1126344720513911,9,159.0,0.2139948131751075,4,108.0,0.4707627761881148,0,0.0,0.9626461671226616,1,16.0,0.6075811397008287,1,3.0,0.6001945934671843,6,131.0,0.3426598696815252,4,75.0,0.3001870914014882,5,116.0,0.2551189251645792,7,154.0,0.0369682166334312,6,137.0,0.348610261117994,7,147.0,0.2355384134576245,6,114.0,0.1394200326485371,3,81.0,0.4763877943866546,1,33.0,0.4387312138578198,2,38.0,0.2479121793706843,6,165.0,0.3108417320793563,4,67.0,0.430747978272053,1,36.0,0.0,2,60.0,0.3173443489430514,4,101.0,0.240615188379432,7,127.0,0.1496035763000452,4,75.0,0.5365215747907648,100,2168.0
300.0,0.158,65,17.729999999999997,0.7092,4.464957901599788,1,9.0,0.571127117441395,1,12.0,0.5304241782440556,3,145.0,0.3295959314691413,7,145.0,0.3462268988829359,1,54.0,0.4671287788519511,2,4.0,0.2081500859147076,2,6.0,0.3330677987278017,1,8.0,0.3626514273186991,4,103.0,0.2498133509016235,3,57.0,0.2604564875833871,3,106.0,0.2761193358937424,5,152.0,0.1818979834456114,3,128.0,0.4918650174904825,8,143.0,0.1678930045100347,4,104.0,0.1944840341280469,0,63.0,0.4073477507136256,0,2.0,0.4540548863470084,1,24.0,0.3920014072920104,4,155.0,0.2110614150663361,3,54.0,0.3640406981996822,0,2.0,0.9112670036597618,0,33.0,0.7448627442005377,2,89.0,0.2857065821161983,4,112.0,0.0737282583046495,3,63.0,0.4721530971094214,65,1773.0
305.0,0.3576,42,8.790000000000001,0.3515999999999999,7.314339189165108,1,14.0,0.642736178666642,1,17.0,0.7126396967940609,0,59.0,0.7513755220550822,2,87.0,0.5954333189970561,2,6.0,0.3613857744647613,3,19.0,0.2425223299243238,3,18.0,5.5706504756791416e-05,2,17.0,0.0049876521526142,4,118.0,0.365637881484068,0,4.0,0.8484179456715374,4,32.0,0.5041655991278309,1,81.0,0.5426914821908141,3,49.0,0.5481203830732295,4,100.0,0.4948996834364226,0,20.0,0.7225147426760403,3,17.0,0.3110141702416545,1,7.0,0.5613060194460174,1,9.0,0.4474065291758281,2,106.0,0.4722621486516079,0,7.0,0.6289246769078637,0,2.0,0.9098914460148316,0,2.0,0.8934207770407159,2,17.0,0.4897469076794694,1,46.0,0.3182064652162386,2,25.0,0.3667207895761546,42,879.0
310.0,0.0635999999999999,52,7.199999999999999,0.288,7.466789530186422,1,19.0,0.2808903739958057,1,22.0,0.6056338631693605,1,5.0,0.5949031234000329,0,32.0,0.7538591350225027,3,21.0,0.3588621941151025,3,34.0,0.2461605778999306,3,33.0,0.0,3,32.0,0.0,7,146.0,0.3854672486835627,0,2.0,0.695286726169496,4,52.0,0.5640135682645756,1,38.0,0.6795548965662309,3,27.0,0.5808210963436167,4,66.0,0.7015301988037179,0,0.0,0.7224877949762692,4,37.0,0.2954743812867651,1,12.0,0.616336649710814,1,14.0,0.315420469481537,2,56.0,0.6003587233594861,2,11.0,0.603848847441831,0,2.0,0.8913858724261028,0,2.0,0.8038647005544165,2,21.0,0.5725913644512238,1,10.0,0.0,5,26.0,0.1613537218065338,52,720.0
315.0,-0.0816,58,9.24,0.3696,7.826129474386956,2,29.0,0.4450773281692617,2,32.0,0.7096181330610752,1,10.0,0.6834707760443794,1,14.0,0.6813539789605304,3,36.0,0.4006972066694018,3,49.0,0.2169162345944961,3,48.0,0.0,3,47.0,0.0,8,186.0,0.4290315688196756,0,2.0,0.8049922084112145,4,72.0,0.5282376976643335,1,20.0,0.690983156922864,3,42.0,0.5580365293733173,4,79.0,0.7055805579348803,0,0.0,0.8881281616617482,4,57.0,0.3169500634778692,1,17.0,0.5197841392709762,2,23.0,2.89228878937731e-05,2,35.0,0.640148084146027,2,21.0,0.7218758940071872,0,2.0,0.8547271329805672,0,2.0,0.856840503826955,2,31.0,0.589235615029555,1,15.0,0.0,6,55.0,0.2311204544683835,58,924.0
320.0,-0.1176,64,12.179999999999998,0.4871999999999999,7.401625421135571,2,39.0,0.4435535849702422,2,42.0,0.6796045364092573,1,15.0,0.6818228414608245,2,16.0,0.5456089457517473,5,55.0,0.1935871998097,3,64.0,0.2072811945559773,3,63.0,0.0,3,62.0,0.0,8,226.0,0.4315106482049829,0,2.0,0.7565786316588976,4,92.0,0.5467230105060442,1,25.0,0.7289473231135989,3,56.0,0.5489333298281496,5,100.0,0.6701430475092409,0,0.0,0.8178741981228268,4,77.0,0.2581865740618976,1,22.0,0.6490460513981607,2,33.0,0.2830653431679339,2,45.0,0.62874407205685,3,33.0,0.6326076691683423,0,2.0,0.8510867335668064,0,2.0,0.8419742321992488,2,41.0,0.5982809385099368,1,20.0,0.0,7,86.0,0.1140789245542462,64,1218.0
325.0,-0.1008,74,14.699999999999998,0.588,5.874860299558148,2,47.0,0.2864046108762563,2,52.0,0.5162565752247298,1,20.0,0.7110759637248406,4,34.0,0.4550319390235283,4,72.0,0.1963373350716718,4,81.0,0.1128199036649364,3,78.0,0.0,3,77.0,0.0,5,174.0,0.3146208040825026,0,2.0,0.6300951264026494,5,114.0,0.4535923074114446,2,32.0,0.5254493790614333,4,73.0,0.5095387746454797,6,127.0,0.5032645717762989,0,0.0,0.8192357860395161,6,100.0,0.0010165930842769,1,27.0,0.5911325553375116,2,43.0,0.3093889628818532,3,58.0,0.3673003793793104,5,51.0,0.401450462847139,0,2.0,0.4954445987059561,1,5.0,0.5728630462628779,2,51.0,0.5882857980946923,1,25.0,0.0,8,125.0,0.0857991159982702,74,1470.0
330.0,-0.1684,106,18.91,0.7564,3.9147055461646367,2,57.0,0.2281337937589873,5,72.0,0.2679980028723674,2,26.0,0.4867086445500875,7,60.0,0.1715163507836787,4,92.0,0.3719673612994607,4,101.0,0.164930210706222,3,93.0,0.0,3,92.0,0.0,6,161.0,0.2451031612277469,3,10.0,0.516881523910398,8,145.0,0.2742088044379669,3,47.0,0.3381263338221759,4,93.0,0.3694465576622083,11,172.0,0.3719968621385653,1,3.0,0.6060724819509558,6,130.0,0.0,2,34.0,0.0115927318029576,2,53.0,0.3272494080338564,6,82.0,0.2196569910426604,7,82.0,0.1974056130751111,2,9.0,0.000174246041968,2,14.0,0.4096026731537074,3,65.0,0.3598320771744276,1,30.0,0.0,9,168.0,0.0933946322550815,106,1891.0
335.0,0.314,76,11.06,0.4424,4.684230998402922,0,2.0,0.6950040399934704,5,33.0,0.1291365369166017,3,12.0,0.3356903495950461,7,63.0,0.1977047682136269,1,44.0,0.5635192047034145,2,52.0,0.6275460203308951,0,30.0,0.7565457073809202,0,1.0,0.9290612692703892,3,118.0,0.2620136311922452,2,11.0,0.5383705867493834,3,88.0,0.3290433356365198,5,34.0,0.2060569133150069,4,51.0,0.3558029330881064,10,152.0,0.2806391955610033,2,11.0,0.4813515453011919,1,72.0,0.4970111843308049,2,13.0,0.287083041458504,0,1.0,0.8541989959912694,5,40.0,0.0224104580343361,8,69.0,0.008465294787241,2,20.0,0.2361733853038493,4,30.0,0.1300373540463099,3,18.0,0.3261467481494916,0,1.0,0.8662214769441889,4,140.0,0.327326550339572,76,1106.0
340.0,-0.0384,105,12.02,0.4808,5.004968315063365,0,0.0,0.9811706318047902,6,58.0,9.511628129860026e-06,6,37.0,0.0495530887905222,8,103.0,0.1576050088837804,1,36.0,0.693051748565946,2,62.0,0.6334468928243346,0,1.0,0.845407578067948,0,1.0,0.9147473624450462,6,89.0,0.2217370767447117,2,21.0,0.6897376567364437,6,49.0,0.2697645065339572,8,66.0,0.2300951025365346,7,55.0,0.3037558861109475,14,134.0,0.243456701425054,3,26.0,0.5191614129233086,1,19.0,0.7512240515117692,2,23.0,0.3228592982382655,0,1.0,0.8278287132181775,6,67.0,0.2242895564814425,10,118.0,0.073769247665355,2,30.0,0.504980051422669,6,59.0,0.1255642148127369,6,42.0,0.2770370542832628,0,2.0,0.9102609648456198,3,103.0,0.4080243478729707,105,1202.0
345.0,-0.1999999999999999,128,17.02,0.6807999999999998,4.569298461084999,1,0.0,0.4215597261166176,7,88.0,0.0,10,80.0,0.0008363821768114,9,143.0,0.1637489587357428,5,43.0,0.1338978739028666,2,72.0,0.6497231271307847,0,1.0,0.8417613733309982,0,1.0,0.926206974726186,8,117.0,0.2523029233781714,3,31.0,0.578612346515687,7,83.0,0.2930295148941909,8,106.0,0.2556301563137109,9,97.0,0.352225370889014,14,195.0,0.2341757701421352,5,43.0,0.240389236314916,1,24.0,0.7030684866024407,2,33.0,0.3097017342033103,0,1.0,0.8532512466433371,6,97.0,0.2990887070875103,11,168.0,0.0705696471964336,2,40.0,0.5116692713977691,6,89.0,0.1249352581003866,7,76.0,0.2735887096863161,0,2.0,0.8508074141765742,5,72.0,0.3009056880240483,128,1702.0
350.0,-0.242,124,23.07,0.9228,4.738126866477782,0,0.0,0.0798998431767181,6,118.0,0.1335447701764611,10,130.0,0.0850859360883706,8,183.0,0.2269262068329814,3,58.0,0.4134707181366973,3,83.0,0.5226169988781781,0,1.0,0.872558906493935,0,1.0,0.9234826875800184,8,157.0,0.3061989192462142,2,41.0,0.45009606743271,7,118.0,0.2615207061291132,8,146.0,0.2589620286519693,9,142.0,0.3777613687847777,15,266.0,0.1931668787770455,5,67.0,0.331699918084292,1,29.0,0.6446194765665927,2,43.0,0.3025993541943869,1,4.0,0.6164171929275574,6,127.0,0.2847212912707562,10,218.0,0.1616910591016638,2,50.0,0.5251782177748346,6,119.0,0.1314347866250261,7,111.0,0.2581665880643602,0,2.0,0.858687327511245,5,93.0,0.2992067208430077,124,2307.0
355.0,-0.1488,121,26.79,1.0716,4.193780448557675,2,7.0,7.710139368858708e-05,6,148.0,0.1205948910846574,10,180.0,0.077341668794207,8,223.0,0.2893435727428904,2,22.0,0.3546972219694762,3,43.0,0.4977101030505716,0,1.0,0.8921584624717643,0,1.0,0.6125674053443648,8,197.0,0.226740733949752,5,61.0,0.3334974737812433,7,153.0,0.1927169189504562,8,186.0,0.2014055962224064,11,192.0,0.2640861762022465,11,270.0,0.1579185524490509,5,92.0,0.2346837051286775,1,34.0,0.6722138886888736,2,53.0,0.2967813377265994,1,9.0,0.6109200361746354,6,158.0,0.3567853689820277,5,175.0,0.2528650725390358,2,59.0,0.4030055812117324,6,149.0,0.1720012752698803,7,146.0,0.1226388559288628,0,2.0,0.8430695524184115,5,118.0,0.2938783903433276,121,2679.0
360.0,0.0992,88,24.31,0.9723999999999998,4.322778522137943,2,19.0,0.2795086046144501,3,140.0,0.318984695707213,7,197.0,0.1882757330695938,5,188.0,0.2359437967973063,0,17.0,0.4382167223519456,3,21.0,0.0475785402360724,0,1.0,0.5604349289466642,2,8.0,0.3985958814186,7,174.0,0.2305622161501839,2,52.0,0.4252632330064784,7,156.0,0.136670021396298,7,190.0,0.2122608783679797,9,212.0,0.3457586181173442,9,233.0,0.2109147844952945,5,87.0,0.156556748989601,0,5.0,0.532787335628332,0,29.0,0.6295774065635429,0,1.0,0.3620102541288763,3,149.0,0.5257455946582306,4,158.0,0.1612165783947826,0,32.0,0.7139800401375995,3,105.0,0.3413897142076106,6,152.0,0.2901936022370297,1,5.0,0.5663091098662172,3,100.0,0.180311308548477,88,2431.0
365.0,0.3472,65,15.63,0.6252,6.238740703967731,2,29.0,0.5439746421990234,0,56.0,0.6875221161444837,2,140.0,0.4310980924780584,1,98.0,0.4876074593006143,2,23.0,0.3691733805440073,6,46.0,0.0001399086551698,3,11.0,0.2176925502966658,3,23.0,0.4329849417337073,3,114.0,0.4312754134220707,3,22.0,0.4680774125504969,3,96.0,0.4549384193759633,3,121.0,0.3437886074273933,7,171.0,0.3390516742625575,8,217.0,0.3978333138211064,2,36.0,0.2376071578738042,3,13.0,0.4530538528245121,0,2.0,0.8429186777143685,3,10.0,0.2445782361203306,0,87.0,0.6162118968466098,3,82.0,0.3975171862378296,2,6.0,0.5312780730086704,1,33.0,0.713789677238149,1,89.0,0.5825013549787392,2,14.0,0.4262780257352724,2,24.0,0.3933147931849525,65,1563.0
370.0,0.0855999999999999,70,13.49,0.5396,6.998290941677544,2,39.0,0.6520301897078237,1,3.0,0.6879591040233146,1,98.0,0.7085427143213928,1,10.0,0.7171262947669488,3,37.0,0.4049923943780851,6,76.0,0.0,4,31.0,0.302128153850428,3,38.0,0.5834240621159622,3,82.0,0.6322600132108553,3,37.0,0.3576025737908455,4,113.0,0.3691486021313582,3,109.0,0.4436523678824169,4,147.0,0.4483376539518746,8,182.0,0.4405590754210589,2,27.0,0.4204624188050825,4,32.0,0.4378281196085459,0,2.0,0.8448659018503484,3,25.0,0.2128490343928996,3,40.0,0.5571848064833405,3,93.0,0.518064519695768,2,16.0,0.5906191491049971,2,41.0,0.6377552436363951,1,25.0,0.7132348392707025,2,24.0,0.0,2,22.0,0.417184379063085,70,1349.0
375.0,-0.0576,78,14.93,0.5972,7.169764423341172,2,49.0,0.6955456849949342,1,8.0,0.6215584247651088,1,34.0,0.7339595440087036,1,6.0,0.6049214690449926,5,58.0,0.3192390760897828,6,106.0,0.0,4,51.0,0.3020594997071559,3,53.0,0.6184308995118791,3,52.0,0.6338188734240684,3,52.0,0.3477858418093277,6,139.0,0.3960446321258483,6,133.0,0.4224373383251252,3,92.0,0.4456742758359157,9,227.0,0.4859868526110009,2,35.0,0.4451435108627906,4,52.0,0.4714115000252792,0,2.0,0.996339048768689,3,40.0,0.230818532749562,3,31.0,0.5935981011527642,3,108.0,0.5674344064601301,2,26.0,0.6211949867516849,2,51.0,0.6297460784779002,2,24.0,0.6596455686487339,2,34.0,0.2905850201123682,2,30.0,0.5859080700029011,78,1493.0
380.0,-0.1476,83,18.62,0.7447999999999999,6.580814655322501,2,59.0,0.705492901757735,2,18.0,0.5970837642150125,1,17.0,0.7449997919662965,1,11.0,0.6043164655758931,6,85.0,0.1104617045286874,6,136.0,0.0,4,71.0,0.180044624603135,3,68.0,0.6226262184200708,3,67.0,0.6702483504376459,3,67.0,0.3708638043743495,6,169.0,0.3720623189473441,6,163.0,0.405195952194598,3,95.0,0.4107384246440179,9,272.0,0.4566965834103005,2,45.0,0.5117814530286945,4,72.0,0.4635882449090885,0,2.0,0.8667222932438904,3,55.0,0.2056571324359944,5,50.0,0.3427432532087056,4,125.0,0.4038312953127183,2,36.0,0.5980118125874871,2,61.0,0.6136753312003813,2,34.0,0.6683725729333179,2,44.0,0.4618228079156175,2,40.0,0.4299472218053892,83,1862.0
385.0,-0.0968,84,21.04,0.8416,5.663080518734755,3,71.0,0.4661435520303151,2,28.0,0.63845708031791,1,22.0,0.6162659469218104,1,16.0,0.2966371279883605,3,54.0,0.351335333879508,6,166.0,0.0,4,91.0,0.1617002360999177,3,83.0,0.5176471122239625,4,83.0,0.4751580866993162,4,83.0,0.3133211396950403,3,153.0,0.2551735868974163,3,145.0,0.4963960310503883,5,116.0,0.274966180438447,11,322.0,0.3736219485169953,2,55.0,0.4835253159768387,4,92.0,0.4082346773002932,0,2.0,0.9151043081660946,3,70.0,0.0022064966625162,6,79.0,0.3426875955225675,6,150.0,0.2033491080922702,3,47.0,0.4330447054444573,1,28.0,0.6917126388070257,2,44.0,0.5466872784125762,2,54.0,0.4327328635844507,2,50.0,0.4629778505665164,84,2104.0
390.0,-0.21,131,26.290000000000006,1.0516,3.838789736745698,7,94.0,0.2726956385943594,2,38.0,0.4867271609364867,4,38.0,0.4688867875141939,3,31.0,0.2344731242517795,4,49.0,0.2717191141092472,6,196.0,0.0,4,111.0,0.1394472262085337,6,108.0,0.2758675161696204,7,108.0,0.2182809807310477,6,108.0,0.346037618332388,7,179.0,0.0529946633613796,6,169.0,0.4080330732331146,8,153.0,0.1429291257774052,14,389.0,0.2832111109505097,4,67.0,0.4110955133623858,6,116.0,0.1258619637428872,0,2.0,0.5144255568711189,4,90.0,0.0,6,109.0,0.3082074411777504,9,185.0,0.1262812442873236,3,62.0,0.2999147188722872,2,35.0,0.4542306018232367,6,64.0,0.2494144011694223,2,64.0,0.4911441235057785,5,64.0,0.1644319912602052,131,2629.0
395.0,0.3491999999999999,98,17.56,0.7024000000000001,4.651543629278292,5,35.0,0.1161662873321955,3,14.0,0.4223088360642683,4,24.0,0.2895830294889073,1,10.0,0.4883138518771292,3,36.0,0.2921293078707765,2,135.0,0.497626937236935,1,31.0,0.5510921671129257,5,65.0,0.3398385152278135,5,68.0,0.357041206150145,1,51.0,0.60596174302111,6,108.0,0.3039027061779245,5,126.0,0.4226430766627297,9,93.0,0.2099121888448805,11,368.0,0.1122619087485366,2,9.0,0.4545124303279396,1,60.0,0.5770963993739506,1,6.0,0.6456212315549539,1,11.0,0.6144246833707029,4,79.0,0.117223030865398,9,229.0,0.2203658693294826,5,85.0,0.2187512339829666,4,53.0,0.1110453784999824,7,43.0,0.2377618323086269,0,2.0,0.7007005814815833,3,15.0,0.238483824604775,98,1756.0
400.0,-0.0963999999999999,135,19.969999999999995,0.7988000000000001,4.240877285491186,6,65.0,0.1326300997995843,5,36.0,0.0745800770922057,7,52.0,0.1204266676928739,1,15.0,0.3596935318380908,4,56.0,0.1745462581149469,2,80.0,0.5881666696586297,1,8.0,0.5810075545661716,8,71.0,0.322532740188613,7,64.0,0.369691371989527,2,19.0,0.619949735781501,7,143.0,0.4032654774429589,8,131.0,0.289201525927242,13,148.0,0.2945090544442609,17,371.0,0.0282637813551691,2,19.0,0.2994747670443496,1,10.0,0.6795586976778716,1,11.0,0.7064358591639182,1,18.0,0.723872867049532,7,85.0,0.0031724160330382,10,278.0,0.2085055313827927,6,114.0,0.3733300086092365,7,83.0,0.0059653247650756,8,84.0,0.2603702607788041,1,6.0,0.6464492863367336,3,30.0,0.2365930472368685,135,1997.0
405.0,-0.2884,154,27.18,1.0872,4.789169326111805,6,95.0,0.1903912774556388,10,79.0,0.1465870785273673,9,95.0,0.1696075244406034,1,20.0,0.6358590494251047,5,81.0,0.3968107286138383,2,90.0,0.6594432385497625,1,13.0,0.7207587347285455,9,116.0,0.3540991209696928,7,99.0,0.4495062003500832,3,31.0,0.6295892408854158,7,178.0,0.4262801101490021,11,177.0,0.2296873573721027,13,213.0,0.3053787642242815,19,439.0,0.0481176440496275,2,29.0,0.5407366147757384,1,15.0,0.7026310439579972,1,16.0,0.7034121886625623,1,23.0,0.6779220821954197,8,125.0,0.0913973690150381,10,328.0,0.2947860752266288,6,144.0,0.3636467200531602,9,127.0,0.0946296771580704,8,124.0,0.2906464405415638,2,16.0,0.6034042241884731,3,45.0,0.336449466632496,154,2718.0
410.0,-0.3144,159,35.03999999999999,1.4015999999999995,4.332508525841706,6,125.0,0.1957386790060645,10,129.0,0.1505616944949034,9,140.0,0.159629858461717,1,25.0,0.644073792686827,5,106.0,0.2968197853575239,2,100.0,0.6114272115883116,1,18.0,0.729402481714198,9,161.0,0.3186894083229092,7,134.0,0.4494305143978719,3,46.0,0.5603818013119468,7,213.0,0.388197734217994,12,237.0,0.2221703608932653,14,279.0,0.2519902467662618,19,534.0,0.0419856660188571,3,43.0,0.3165050085009074,1,20.0,0.6050477731362052,1,21.0,0.7299667050901768,1,28.0,0.6370377063358963,8,165.0,0.1106843853236175,10,378.0,0.2904226351756028,6,174.0,0.3452944754914829,9,172.0,0.0949195195278413,8,164.0,0.2851212843517956,2,26.0,0.6287742896492622,5,66.0,0.0281522659233551,159,3504.0
415.0,-0.1208,159,38.06,1.5224000000000002,3.794468592545469,8,161.0,0.0001127616925803,10,179.0,0.1594265396803112,10,189.0,0.0149127987262247,2,32.0,0.2780796449313035,6,136.0,0.2695922838474574,0,3.0,0.7455609519033649,1,23.0,0.6126600337692271,10,210.0,0.2001241580498377,8,171.0,0.3395548049283903,6,68.0,0.4764209628838207,7,248.0,0.3396508231573129,12,297.0,0.2088319294172379,15,351.0,0.0973962744987007,14,471.0,0.0883593226343411,3,58.0,0.3039541495112183,1,25.0,0.6108555996550429,1,26.0,0.5867801023440594,2,35.0,0.432531913071624,8,205.0,0.1814788866404857,6,272.0,0.3980006912602122,4,147.0,0.4015638850746522,8,161.0,0.1800726093562596,9,207.0,0.2543576650581398,2,36.0,0.5867830892721021,6,95.0,0.1319749899890848,159,3806.0
420.0,0.1447999999999999,121,34.440000000000005,1.3776000000000002,3.8331353023287487,5,161.0,0.2443764510904285,8,198.0,0.204771398341709,8,205.0,0.191170502902855,1,7.0,0.606168151613044,5,94.0,0.2938735430554042,1,7.0,0.2878895516018183,1,6.0,0.6719483480663315,11,233.0,0.1472005984304341,7,178.0,0.1554101103153009,5,64.0,0.2977397070068464,7,220.0,0.2089965622320308,9,287.0,0.1892899243506675,16,393.0,0.1829145839332966,8,424.0,0.2124686157577075,2,46.0,0.4529890699861544,1,6.0,0.412226457217633,2,8.0,0.5240182111148771,1,10.0,0.2849836823542289,5,203.0,0.3997834248385655,2,156.0,0.2722230779864747,3,133.0,0.3118986430293466,6,139.0,0.2355507073013449,4,179.0,0.2108367809526676,0,27.0,0.4263332654039307,3,60.0,0.2913135044656583,121,3444.0
425.0,0.2832,87,27.36,1.0944,5.425678496076994,4,182.0,0.3206414436298412,4,147.0,0.4454105552651354,3,145.0,0.3620784227366493,1,12.0,0.3370561387908213,4,112.0,0.1969639139095442,3,21.0,0.4539703553701379,2,12.0,0.504467828154402,6,183.0,0.3072964482006615,5,122.0,0.367825278286681,6,52.0,0.2761341405081119,5,151.0,0.2863908036405408,6,204.0,0.2808969391030533,12,349.0,0.243484262755014,3,371.0,0.3948688953865513,0,7.0,0.7006704956332349,1,11.0,0.6844714340483504,3,20.0,0.2061095090808273,3,20.0,0.0004599204776414,0,132.0,0.6564948757578493,5,166.0,0.2495438476627103,5,100.0,0.3410668727101495,1,102.0,0.5582028537470605,3,77.0,0.3767609610361246,2,14.0,0.5458583470174823,0,24.0,0.584526107406688,87,2736.0
430.0,0.126,99,24.21,0.9684,6.37852325879378,8,214.0,0.3391859331803395,3,113.0,0.58343057338106,3,82.0,0.5074939368733083,3,20.0,0.2119101628059465,7,132.0,0.1061290769586078,3,36.0,0.5013563831417558,3,27.0,0.6081257396055271,3,121.0,0.5435915258903544,2,81.0,0.5971232036750603,9,87.0,0.2097291488478803,6,119.0,0.3975123681693243,4,178.0,0.4840365846769638,9,297.0,0.2900590856515802,6,348.0,0.4789943837896085,1,5.0,0.7395149091990525,1,16.0,0.7370859242943415,4,39.0,0.1703002337145822,3,35.0,0.0,0,79.0,0.6519837325182547,8,200.0,0.1705081008961599,5,101.0,0.4154074254086959,1,36.0,0.755467690024649,3,26.0,0.4057334350670457,3,29.0,0.5972472631805202,1,0.0,0.646102938147122,99,2421.0
435.0,-0.0135999999999999,99,24.550000000000004,0.982,6.904478015577966,8,251.0,0.4055238032706962,2,54.0,0.6595134882891307,2,44.0,0.4986524495381594,2,30.0,0.2296799825014749,8,168.0,0.2228177763493417,3,51.0,0.401663740771173,3,42.0,0.646654397703539,3,84.0,0.6544443755837193,3,47.0,0.6310343848619342,8,127.0,0.2868489107577058,8,155.0,0.3740403604570953,4,125.0,0.6126363353528819,7,274.0,0.417452146480831,9,347.0,0.4690629170232545,0,5.0,0.8756914309424058,1,21.0,0.7465078654085787,4,59.0,0.1846656719404213,3,50.0,0.0,1,32.0,0.6207136152411399,7,235.0,0.1984760057094454,5,126.0,0.4739878857241864,2,43.0,0.6963097504943931,3,41.0,0.4193896155169156,3,44.0,0.6088331165423937,0,0.0,0.8947269096069954,99,2455.0
440.0,-0.1572,108,28.48,1.1392,5.973842231989067,8,291.0,0.4445312940627164,4,48.0,0.5616548410297765,3,56.0,0.1623017808834546,3,44.0,0.2238424769365003,10,215.0,0.1933911536330651,4,70.0,0.3310653346682288,3,57.0,0.6060745090860055,4,85.0,0.5565840386439785,3,54.0,0.4554358111226677,9,168.0,0.1970360619424484,8,195.0,0.3889768271696406,4,122.0,0.5390343877080473,5,272.0,0.2934348614629977,10,393.0,0.4344419530228234,0,5.0,0.7118297298334968,1,26.0,0.7409511430117174,4,79.0,0.1645507786525878,3,65.0,0.0,1,13.0,0.4914964213526239,7,270.0,0.1966426954520646,5,151.0,0.4584684291629963,3,54.0,0.5792425917602102,3,56.0,0.2797908132521257,3,59.0,0.6366063641017505,0,0.0,0.5468136549461452,108,2848.0
445.0,-0.1291999999999999,134,31.71,1.2684,4.763838730406736,4,217.0,0.4368855538290404,5,68.0,0.4683916177309601,5,76.0,0.1440963121443158,4,59.0,0.1775382365277784,9,169.0,0.1177853609725693,5,92.0,0.238135265022154,4,75.0,0.5171807856547223,6,112.0,0.4662526102822596,6,77.0,0.2853091030251156,11,216.0,0.2102985466261214,6,190.0,0.3313095490902755,8,151.0,0.4430687439945976,6,300.0,0.2088095537492754,12,447.0,0.3874449451155402,3,13.0,0.5623770506154703,2,32.0,0.6546102712670044,5,100.0,0.0010987352194569,3,80.0,0.0,4,23.0,0.0228618019309964,9,307.0,0.0853001060023764,5,176.0,0.4436258427912626,2,34.0,0.5320263008684925,4,76.0,0.2647538120072591,3,74.0,0.5367604197223648,3,7.0,0.2296950435510851,134,3171.0
450.0,-0.2556,159,38.1,1.5239999999999998,3.557979263767842,4,185.0,0.3848663653569148,6,95.0,0.357649312680352,4,96.0,0.213695673217368,3,74.0,0.3000865893732977,4,160.0,0.2099351343987633,7,126.0,0.2763749561119402,7,104.0,0.3514304416530222,8,149.0,0.285605867458364,7,110.0,0.2728765528037098,12,271.0,0.2666993802202143,9,230.0,0.2935813088150296,10,196.0,0.2437234651464827,9,338.0,0.2292295360124508,14,512.0,0.2334232364547118,5,33.0,0.4877267660032167,2,42.0,0.5271144405907535,5,125.0,0.0,3,95.0,0.0,7,55.0,4.35946834402287e-05,10,351.0,0.083644140635737,6,203.0,0.224264564995711,4,49.0,0.1959231317239027,4,96.0,0.2153606661263412,7,98.0,0.1609969513804723,2,17.0,0.2314648356511092,159,3810.0
455.0,0.4151999999999999,111,27.719999999999988,1.1088,4.420533139696793,2,121.0,0.3569806578034816,4,57.0,0.2174324323025111,1,18.0,0.1994879264059801,0,17.0,0.27832983836673,3,103.0,0.1876722044757134,0,74.0,0.561262375035006,6,74.0,0.2749419972063252,7,117.0,0.2586766667568304,5,77.0,0.3136421398787717,8,242.0,0.4267672754340069,5,128.0,0.4626993720571076,8,178.0,0.2438679278312261,8,274.0,0.2237335604374639,13,462.0,0.1362727372708324,2,24.0,0.4801721925163982,2,43.0,0.5122655610896364,1,68.0,0.5267510529471533,0,31.0,0.8528138883268914,4,47.0,0.1798953536038048,8,331.0,0.1256939647058897,4,115.0,0.1208500034595505,6,44.0,0.18292568885782,3,22.0,0.4545518932691296,8,72.0,0.1383086356429866,3,33.0,0.4612243601190375,111,2772.0
460.0,-0.1043999999999999,154,30.330000000000005,1.2132,4.315839677608393,6,145.0,0.1645645000606958,7,54.0,0.0504908553325704,1,10.0,0.1493890940851167,0,0.0,0.2992941086303885,6,117.0,0.1486592186957363,5,94.0,0.5239383341230037,10,89.0,0.2434128204975334,10,143.0,0.3042164266491647,8,96.0,0.3998530305004034,5,213.0,0.5845479594332317,7,102.0,0.2960463732406473,11,159.0,0.1689972414195633,12,326.0,0.1492553830646858,15,534.0,0.1322288198332553,3,36.0,0.487186161736483,2,53.0,0.5945399779444848,1,17.0,0.646122771680043,0,3.0,0.9154642998968326,4,67.0,0.1819467343836962,8,371.0,0.1925191173262979,9,146.0,0.0068377705778719,8,83.0,0.2767427279479437,3,37.0,0.5387940082933191,10,90.0,0.0791332786467148,3,48.0,0.391815108779542,154,3033.0
465.0,-0.3272,177,38.510000000000005,1.5404,4.251099446617696,12,196.0,0.1111171661930268,9,96.0,0.0970629026118173,1,15.0,0.4262020355215781,0,0.0,0.9686415315407404,8,155.0,0.2543373014285967,5,119.0,0.496593387578043,11,143.0,0.2927068208933029,12,203.0,0.3294326708131254,8,136.0,0.4922000329704051,5,208.0,0.5064898998286677,11,149.0,0.257867762045723,12,219.0,0.1677174314861531,14,392.0,0.132118971398944,16,607.0,0.0880551042013913,3,51.0,0.4872541098149062,2,63.0,0.5665388434562731,1,22.0,0.6890852786306558,0,3.0,0.8769688331307693,4,87.0,0.1903893153168511,8,411.0,0.0920965803515186,10,195.0,6.538119533583739e-06,8,123.0,0.2827171717234337,3,52.0,0.5651198297899199,10,140.0,0.0906694888947489,4,66.0,0.4485713446708887,177,3851.0
470.0,-0.36,195,47.510000000000005,1.9004,3.850904449232389,16,267.0,0.0500597953507275,9,141.0,0.0965087245577152,1,20.0,0.0,0,0.0,0.9801640247661916,8,195.0,0.2163116745796257,6,146.0,0.2946640482190548,11,198.0,0.278252773872365,12,263.0,0.3594913202505703,8,176.0,0.4985861879541716,7,208.0,0.483548516735782,11,204.0,0.267803036563263,12,279.0,0.1664436598461387,18,475.0,0.1296587275811662,17,687.0,0.0129213642390628,4,68.0,0.3435325043309294,3,74.0,0.5031095929880572,1,27.0,0.6823268830336021,0,3.0,0.9229091092234664,4,107.0,0.1589060263263762,11,461.0,0.0683888603302717,10,245.0,0.0,8,163.0,0.2716696602554806,3,67.0,0.543753541380542,10,190.0,0.0884616432608193,5,87.0,0.4150787228381944,195,4751.0
475.0,-0.0175999999999999,182,47.95,1.918,3.728276913777123,12,287.0,0.1075835355586619,9,186.0,0.1969113089276875,1,25.0,0.3874950786718698,0,0.0,0.68680337202169,10,240.0,0.2095559609878592,1,35.0,0.3115383513777124,11,253.0,0.2821089641397153,13,325.0,0.2602169898631277,9,218.0,0.4195867214526894,9,144.0,0.3610868842439533,11,259.0,0.2082786499481446,12,339.0,0.1643632601680368,18,566.0,0.1690806168172097,15,542.0,0.0292171759871991,5,90.0,0.1787329024063499,1,28.0,0.5168573544639709,1,32.0,0.7282971020395799,0,3.0,0.3711425839055502,4,128.0,0.3058076386934147,6,260.0,0.1710640956821054,7,196.0,0.0456436854142158,8,203.0,0.3135447596471608,4,84.0,0.4379385655615849,10,240.0,0.0880886030379766,5,112.0,0.32556849068242,182,4795.0
480.0,0.178,145,43.5,1.74,3.89899305152802,10,262.0,0.086984028819845,6,195.0,0.3908171048058359,0,0.0,0.9705843560409336,0,0.0,0.4775779284409388,8,189.0,0.1329424820068027,2,24.0,0.2198333746192214,9,238.0,0.2734822789014777,13,343.0,0.1897534569025953,9,191.0,0.3626763843190852,9,154.0,0.3116168257432619,10,247.0,0.2485435667057532,10,341.0,0.1855328448656327,16,591.0,0.1678302571410821,11,577.0,0.1184763722299831,3,46.0,0.2085259965010732,3,15.0,0.2380639923212472,1,3.0,0.6021481764807473,2,13.0,0.2000819177472029,0,74.0,0.6430957265560086,3,250.0,0.2586628581776818,4,155.0,0.1744381063819426,5,168.0,0.4424707883836772,1,11.0,0.4489789835419621,5,195.0,0.3175199615486839,5,68.0,0.2201811567251604,145,4350.0
485.0,0.264,112,36.900000000000006,1.476,4.976530464660382,7,302.0,0.192213035568456,2,127.0,0.5020196058574661,0,0.0,0.2364495827095271,1,5.0,0.4614025626419569,6,223.0,0.1306842234064704,6,48.0,0.4267325170818975,7,185.0,0.3835997187900324,11,282.0,0.2221271866508773,8,164.0,0.3821757767983003,11,132.0,0.2560058440777573,6,219.0,0.2397876122226768,5,280.0,0.2980906040988266,13,476.0,0.2209264153815536,7,536.0,0.3318339576846214,0,18.0,0.6014861728364955,5,37.0,0.2396803858216179,3,14.0,0.1768484480295255,3,27.0,0.2374221098517787,1,9.0,0.7579282720970193,2,200.0,0.3449247059243255,0,102.0,0.5153942583293813,2,96.0,0.5764912950110848,3,20.0,0.3792919455392629,1,148.0,0.5295764931552578,2,40.0,0.5362961780224644,112,3690.0
490.0,0.0772,112,34.97000000000001,1.3988000000000005,5.917917997876528,7,334.0,0.2978379942077726,1,81.0,0.7071182678650263,1,5.0,0.2700187837464767,1,10.0,0.4511899102626975,6,252.0,0.1468671847093964,7,83.0,0.5576861363296762,5,129.0,0.550065148291945,9,267.0,0.3878038823082703,8,116.0,0.342912556026467,15,189.0,0.2345868010865356,5,188.0,0.3239845203169845,4,301.0,0.3810457579565585,11,427.0,0.315872156069976,7,514.0,0.4175404756021223,0,2.0,0.7906361699245124,5,62.0,0.3353206713537686,5,35.0,0.1394435594103402,3,42.0,0.239270989344476,1,14.0,0.7402891706568906,2,180.0,0.3852163544472632,0,51.0,0.74878545696517,3,56.0,0.5943322436210197,3,35.0,0.3785046507070334,1,97.0,0.6230904646338583,2,27.0,0.5223454189353969,112,3497.0
495.0,-0.0248,128,35.59,1.4235999999999998,5.796250524751625,10,375.0,0.3263793043271534,1,15.0,0.7312462135725563,1,10.0,0.6225883833744167,2,16.0,0.2872368604183512,10,291.0,0.1306746317515162,7,118.0,0.5841968911496498,5,102.0,0.5783515474099151,6,212.0,0.4492826976377095,6,109.0,0.298385235401604,20,274.0,0.1489537412250059,5,137.0,0.3887624686168305,7,328.0,0.410148765015816,8,348.0,0.2856949587921625,10,536.0,0.3400158163743476,1,2.0,0.7480606949994262,5,87.0,0.4134800230112552,5,60.0,0.1614194755876626,3,57.0,0.2153667568037565,1,19.0,0.7371545220242031,3,177.0,0.2959304655915634,1,52.0,0.6134265401635517,4,73.0,0.5764991175330754,3,50.0,0.3438475416018615,1,74.0,0.650399430645575,3,37.0,0.4796926650552325,128,3559.0
500.0,-0.2131999999999999,143,40.92,1.6368,5.218279367193177,14,436.0,0.2519695982850415,2,22.0,0.6053110209671636,1,15.0,0.5847800554516889,2,26.0,0.2923054261553536,13,348.0,0.0645369605053285,7,153.0,0.5465959743872764,6,130.0,0.5489848927184151,7,215.0,0.4271648046683977,6,129.0,0.2389031260159944,20,370.0,0.1173438810917692,5,138.0,0.281757919569235,10,369.0,0.3657030129218077,7,345.0,0.2332394469267401,13,593.0,0.2498440977687833,0,2.0,0.7828489719619375,5,112.0,0.4317685979587001,5,85.0,0.0,3,72.0,0.3703371457487802,1,24.0,0.6251961804259023,3,188.0,0.378496783131503,2,61.0,0.5977937329296374,4,93.0,0.5032856579914714,3,65.0,0.439733574418912,2,54.0,0.6953309180180424,2,47.0,0.56412082516751,143,4092.0
505.0,-0.1339999999999999,158,44.27,1.7708,4.269060190184119,11,371.0,0.2178870555046706,3,35.0,0.2972149043134194,2,22.0,0.4902443006753605,3,37.0,0.1523526296624373,10,297.0,0.1471325833677637,8,191.0,0.4256846272581051,5,125.0,0.5825437800165392,9,256.0,0.2879228926091937,9,166.0,0.1981818890841293,18,435.0,0.147170048616254,7,169.0,0.1654961735181749,10,369.0,0.2417615220687138,9,383.0,0.2034565569276749,17,672.0,0.2442701053316469,3,11.0,0.5423557943755596,5,137.0,0.4120733006055355,5,110.0,0.1333057571855884,4,88.0,0.184279052324647,3,38.0,0.5883343649280813,3,203.0,0.284428532187389,0,31.0,0.5449517176789377,4,75.0,0.2431746089365871,4,83.0,0.1630625743957582,3,65.0,0.4579486043758025,3,58.0,0.368586696668832,158,4427.0
510.0,-0.3136,189,52.11,2.0844000000000005,2.9763695712662046,9,383.0,0.1603830879820808,5,57.0,0.211217776259915,2,32.0,0.4317035760129686,3,52.0,0.2240163414255962,7,289.0,0.1446353230160721,12,246.0,0.3054798081101891,6,151.0,0.3980137221342488,12,309.0,0.1872451124602633,12,219.0,0.079579007285546,18,518.0,0.1586337209621664,10,211.0,0.1319160650064933,10,416.0,0.1732301545278788,9,424.0,0.2116198345582134,18,762.0,0.140485863716865,6,35.0,0.3108315843858581,6,164.0,0.2911866998576909,5,135.0,0.134435649265586,4,108.0,0.1879515751990508,5,57.0,0.3677222248263729,4,223.0,0.2065182721657011,3,42.0,0.0972929566098592,7,104.0,0.0177152062658292,5,108.0,0.1605028201459714,6,89.0,0.3146702721995843,5,77.0,0.183943897388451,189,5211.0
515.0,0.268,150,45.41,1.8164,3.9625765798232737,12,439.0,0.1376414337014661,3,47.0,0.0411941750968411,1,3.0,0.4358094293953131,0,8.0,0.7925855738141493,4,231.0,0.1867453409574995,5,154.0,0.3757245789603211,3,107.0,0.3768273600121775,10,300.0,0.193300525438482,9,167.0,0.2589769898283338,16,502.0,0.2640933413307476,5,150.0,0.5029633800932372,8,400.0,0.2512168277623302,9,402.0,0.2338518752073847,17,658.0,0.1672851340228124,10,78.0,0.2701374112877345,0,99.0,0.3671989435986919,1,116.0,0.4566574157253418,1,14.0,0.6799500765886788,2,33.0,0.2701075774225434,5,247.0,0.1284265427792744,7,71.0,0.1056293553870553,9,145.0,0.0903606485001311,2,55.0,0.5267687297218818,7,81.0,0.1801768098738009,4,34.0,0.2933732959370591,150,4541.0
520.0,-0.0256,175,46.05,1.842,4.013403316173363,12,500.0,0.1287168067694296,6,70.0,0.0998702511180589,1,8.0,0.5279841381575463,0,0.0,0.919053154528119,6,251.0,0.2220631394002957,8,145.0,0.3131020356972577,6,39.0,0.1310678145593059,11,263.0,0.2464675866769257,12,163.0,0.3910904476731917,12,495.0,0.3161746675961922,5,123.0,0.5419018682490032,10,411.0,0.2900771309202531,12,426.0,0.1700879270905995,15,493.0,0.1930388970816606,11,131.0,0.1739288594756152,1,102.0,0.253448297801762,3,127.0,0.4633228475536333,1,19.0,0.5395766006483373,4,48.0,0.1038680349245751,6,277.0,0.19763100513894,7,106.0,0.1029646618928239,9,190.0,0.0893657274888462,3,40.0,0.4744731359545566,10,124.0,0.078748584963586,4,54.0,0.2649236868621963,175,4605.0
525.0,-0.3007999999999999,211,53.57,2.1428,3.760758820245476,16,571.0,0.1220998002705999,7,103.0,0.0,1,13.0,0.4284529765303603,0,0.0,0.951218991657506,9,292.0,0.1413761271679522,14,204.0,0.2820355193954073,9,77.0,0.0848497045535386,15,304.0,0.2800501007151963,12,193.0,0.4704800063279282,11,477.0,0.2505694374338037,5,148.0,0.5449695518892989,14,472.0,0.2605169322119872,15,494.0,0.1960740526613908,12,452.0,0.2496719296076021,13,192.0,0.1521654321481948,3,116.0,0.2472774664704433,4,147.0,0.4977181637751119,2,27.0,0.527353977793379,7,77.0,0.0007048015326665,7,310.0,0.1343647099930511,7,141.0,0.1214262016590861,9,235.0,0.0914534898610576,3,55.0,0.4571839253947377,11,179.0,0.0687078858008144,5,78.0,0.157203783901549,211,5357.0
530.0,-0.4164000000000001,225,63.98,2.5592,3.3843731583409578,19,657.0,0.0821469276988959,7,138.0,0.0,1,18.0,0.0601126756473031,0,0.0,0.8663258960477462,13,349.0,0.1146616132950803,14,274.0,0.2303793224496382,9,122.0,0.0917198660865414,15,379.0,0.2362248615660972,12,253.0,0.52074066604901,12,533.0,0.1709901911308483,6,174.0,0.5118895922565043,16,548.0,0.2525964239764581,18,579.0,0.1774608626930464,10,456.0,0.1680410036005969,13,257.0,0.1856274963856323,3,131.0,0.2440935858121171,5,168.0,0.4361254048569756,2,37.0,0.5388627574749684,7,112.0,0.0,7,345.0,0.1946916652696758,7,176.0,0.1059939651437477,9,280.0,0.0828819829101134,3,70.0,0.47518268197802,11,234.0,0.0723518266096521,6,108.0,0.2251735663495446,225,6398.0
535.0,-0.0471999999999999,204,65.15999999999998,2.6064,3.5384754794682025,17,636.0,0.1497854999711853,4,132.0,0.2709799065912289,2,28.0,0.4575908765297874,0,0.0,0.9931502290565212,14,418.0,0.1579573881231915,7,192.0,0.2445544817740513,10,168.0,0.0820384905997314,17,460.0,0.1547249636239314,13,315.0,0.4000469048817774,11,492.0,0.1676143463440666,7,207.0,0.4324377783385758,19,639.0,0.1375473851189172,18,669.0,0.1885447360589448,11,510.0,0.1918796448967624,9,261.0,0.1773782974954995,0,42.0,0.3362172472289387,1,130.0,0.4846415842125398,2,48.0,0.5765319420653497,3,108.0,0.3165261448286003,5,123.0,0.225167804488898,7,211.0,0.1168476416431349,6,214.0,0.1684118371195438,4,86.0,0.3396779925556373,11,289.0,0.0698107094475209,6,138.0,0.2681517027531322,204,6516.0
540.0,0.1759999999999999,170,60.76,2.4304,3.6504543951836097,15,617.0,0.1235132338903633,3,88.0,0.3997595540261024,1,12.0,0.6988918675985749,1,4.0,0.4022116436728435,11,415.0,0.1654491230009616,6,182.0,0.2651286958458836,6,156.0,0.2834860924482265,17,416.0,0.0912246502453705,15,351.0,0.3230139518051151,11,475.0,0.1488830331877354,6,126.0,0.3085365426904736,19,668.0,0.0775619529460332,15,678.0,0.1450463736486999,11,535.0,0.2443836170026408,6,241.0,0.2599803128210008,0,0.0,0.0370861697895836,3,141.0,0.4152247863517134,2,24.0,0.4900648368420935,0,76.0,0.5524998490184923,3,107.0,0.3542954322635079,5,182.0,0.1599039439869768,3,172.0,0.1055625990812961,2,71.0,0.3862506829451118,7,243.0,0.2655491216102927,2,96.0,0.3751942341097131,170,6076.0
545.0,0.2279999999999999,170,55.05999999999999,2.2024,4.328929961974298,15,686.0,0.1014149166064277,5,77.0,0.3105519322503602,3,19.0,0.5273953314998104,2,9.0,0.2908647456011919,12,467.0,0.082038854799384,10,227.0,0.2213404910143126,1,101.0,0.5909435272424068,14,391.0,0.2613893248528028,16,354.0,0.309795956447043,15,539.0,0.1225168934240608,7,158.0,0.2688732410174604,17,549.0,0.1863982088429094,13,546.0,0.0553868717652526,9,526.0,0.3468998719398259,7,167.0,0.2285972585055042,1,8.0,0.4157276398124415,7,166.0,0.2184692496824083,3,23.0,0.564349254630417,1,21.0,0.7978130994295537,1,24.0,0.5829011530844412,1,98.0,0.4256029414289788,3,119.0,0.028493558720978,3,30.0,0.5427394044662227,3,198.0,0.4486700636367128,1,3.0,0.5889786484727563,170,5506.0
550.0,-0.0611999999999999,173,56.59,2.2636000000000003,4.840841039301733,13,749.0,0.0968702431542743,4,97.0,0.4231312061157803,2,29.0,0.604442658850611,2,16.0,0.3107640069564878,12,518.0,0.0642046044496736,15,290.0,0.2886928357170125,1,63.0,0.8015509524007297,9,328.0,0.3745968597501057,15,329.0,0.2706059757196971,20,631.0,0.1062668795672029,13,213.0,0.312220167955256,12,487.0,0.3304745979052009,11,483.0,0.1226589157002149,12,533.0,0.371206421974306,8,174.0,0.2837794569557496,1,13.0,0.4360935116321041,10,208.0,0.2004339017286447,3,38.0,0.5849673977768093,1,26.0,0.7646479702569023,0,0.0,0.7841701493826051,1,103.0,0.3007639109428512,4,139.0,3.971415802061449e-05,3,45.0,0.5074495799283842,1,147.0,0.6190641153676799,0,0.0,0.8923169050598106,173,5659.0
555.0,-0.1203999999999999,176,59.6,2.384,4.802150115548882,13,812.0,0.0611144590857775,5,118.0,0.2222716720167057,3,40.0,0.5661475541175219,2,26.0,0.3222275771241949,10,571.0,0.0861584588697272,15,365.0,0.3033779449568528,2,48.0,0.6661445127031982,6,302.0,0.4198913735231954,17,345.0,0.2481725059786508,23,743.0,0.0802848831003355,13,278.0,0.3740215976805352,9,379.0,0.3996122762296356,7,368.0,0.2228142620665687,14,551.0,0.3010384775684533,10,219.0,0.2517215424206548,1,18.0,0.4811684176581079,10,258.0,0.1279512265735496,3,53.0,0.4905512054978552,1,31.0,0.7512576391306344,0,0.0,0.7615102272397078,4,120.0,0.2542904486252152,4,159.0,0.0,3,60.0,0.4270679681156991,1,96.0,0.6971762960032893,0,0.0,0.7271175847471709,176,5960.0
560.0,-0.2928,196,66.92,2.6768,4.098398745248493,16,882.0,0.0149168155597342,6,143.0,0.2895506906533184,4,55.0,0.3697385439304374,3,36.0,0.1798522179278562,16,633.0,0.0187874657720351,16,442.0,0.2734225144419911,2,58.0,0.6629192355533895,5,269.0,0.3306352450918259,15,392.0,0.2663453307280009,26,864.0,0.0629917126692383,14,344.0,0.3154961144521208,8,385.0,0.3888901241908333,6,358.0,0.3298298811772653,16,626.0,0.1971841787475109,12,270.0,0.1240922092356792,1,23.0,0.4368857143891537,10,308.0,0.1278039448485996,3,68.0,0.304729155029719,1,36.0,0.7331470388632454,1,0.0,0.3191236484517775,4,140.0,0.2723807798288458,4,179.0,0.0,3,75.0,0.4197534138788248,2,104.0,0.627190335720643,2,2.0,0.2541340662634225,196,6692.0
565.0,-0.06,193,68.41999999999999,2.7368,3.6602854229705577,15,797.0,0.0797030711836731,6,170.0,0.2088361843850137,3,70.0,0.3230146740075716,3,51.0,0.3766482786662611,13,537.0,0.1372692836063599,13,420.0,0.2471888659206298,2,41.0,0.604935649963418,5,295.0,0.2491211672332396,17,470.0,0.2395282896822764,21,890.0,0.1423871753581053,11,310.0,0.321399911550163,11,434.0,0.2971475318732047,9,397.0,0.1781579668704624,18,712.0,0.1085962631042672,8,275.0,0.2664175387465951,1,28.0,0.5979574511203568,12,363.0,0.0001039463565006,5,91.0,0.1367903732588636,4,48.0,0.5557557261942652,1,4.0,0.6528671307858634,1,108.0,0.1451345805483504,2,102.0,0.0,4,92.0,0.261398040677805,5,123.0,0.4299949214341109,3,14.0,0.0033554642714199,193,6842.0
570.0,-0.3167999999999999,227,76.33999999999997,3.0536000000000003,2.742080874920912,14,788.0,0.0656107996912865,7,205.0,0.1993984533424683,6,95.0,0.1298861627404257,3,66.0,0.3790546936473355,11,526.0,0.1492456529348331,10,435.0,0.182725649417232,4,57.0,0.428394398468841,9,335.0,0.2012173704858696,22,571.0,0.1154657416208492,17,944.0,0.1578544632795542,12,322.0,0.2982551404168136,15,498.0,0.2320587836051947,12,450.0,0.0647442096967697,21,812.0,0.0197145972838346,9,309.0,0.3118421114704601,2,35.0,0.5248654947115038,12,423.0,0.0,6,121.0,0.1250333452156738,9,85.0,0.4056545119675971,1,10.0,0.6152396178100311,5,127.0,0.0005656708008555,2,112.0,0.0,5,114.0,0.0014703685115617,9,160.0,0.1703265630088576,4,34.0,0.1732323726621825,227,7634.0
575.0,0.3608,191,67.32000000000001,2.6928,3.327012725595193,13,854.0,0.074920704733679,3,123.0,0.2487096119093845,3,28.0,0.145167116308154,1,17.0,0.5258735074075369,6,510.0,0.1388826805316105,8,391.0,0.2743921897987864,6,45.0,0.2605288016043355,9,305.0,0.3354206538410133,21,612.0,0.1653541102603459,15,869.0,0.1624744916865857,4,188.0,0.4007488410348687,12,454.0,0.1957755069265152,9,415.0,0.180817545145014,20,669.0,0.0281680854465443,7,238.0,0.2566217014487862,2,46.0,0.6253052761132484,7,316.0,0.232225825856149,3,72.0,0.3722038975134852,13,139.0,0.1021291338516511,4,25.0,0.4288282378168566,4,115.0,2.040205601194305e-06,1,35.0,0.6273655497461943,3,28.0,0.3562513343122305,13,184.0,0.001522641564636,4,54.0,0.1949348887871402,191,6732.0
580.0,-0.0508,209,68.59,2.7436,3.576912956340708,13,918.0,0.1121285449935898,6,142.0,0.071710486918675,3,35.0,0.2160568031521462,1,23.0,0.5533868225429232,6,534.0,0.1799785381510388,11,362.0,0.2640890584847253,10,87.0,0.125945097242962,12,362.0,0.2915937870282604,26,657.0,0.2574827207620591,15,794.0,0.112927220765106,6,63.0,0.3808469001223203,12,444.0,0.1790058561944503,8,402.0,0.261508230288724,15,608.0,0.1597259916164373,9,271.0,0.1994683837732316,2,58.0,0.670314936016445,2,228.0,0.447722971860307,4,60.0,0.4331280294658443,17,218.0,0.0052252772141725,5,48.0,0.4579015125825365,4,135.0,0.0,1,40.0,0.6708290783082214,3,43.0,0.4173068793784497,14,253.0,2.7434452937309592e-05,4,74.0,0.2800151111178655,209,6859.0
585.0,-0.2628,237,75.16000000000001,3.0064,3.677894422372916,16,993.0,0.0510228167127395,8,178.0,0.0001428742710966,3,50.0,0.2356469105536635,2,33.0,0.6198690929982356,10,578.0,0.1180417174192341,14,428.0,0.2571694856944089,12,143.0,0.1184195448237163,15,431.0,0.2016465429940474,26,787.0,0.3037071293387929,16,749.0,0.1232305758545036,9,88.0,0.4069088026305115,16,449.0,0.1362898471142896,8,415.0,0.2491497086697265,11,484.0,0.2683597601607467,10,320.0,0.1967976600078611,2,68.0,0.7584148852406297,2,172.0,0.5738745397237052,4,80.0,0.4577327818951418,21,320.0,0.0191978225362587,5,73.0,0.4832603783680708,4,155.0,0.0,1,45.0,0.703266182765104,3,58.0,0.4299549964351583,14,323.0,0.0,5,96.0,0.2528723516017488,237,7516.0
590.0,-0.4199999999999999,249,85.66,3.4263999999999992,3.450966760506332,19,1084.0,0.0541529685533169,8,218.0,0.031369330112541,3,65.0,0.2513304088053025,2,43.0,0.5635257846675307,13,635.0,0.0860173318826449,15,503.0,0.2454740449654549,12,203.0,0.1120480230189235,19,517.0,0.1593706311752051,27,920.0,0.2803126746813155,13,778.0,0.1545066208318152,10,138.0,0.3373560867743735,19,530.0,0.0463229514678418,8,455.0,0.2291395037150052,9,474.0,0.3080350060662278,10,369.0,0.1405148769797658,3,80.0,0.5413086133615839,2,119.0,0.6252843458539884,4,100.0,0.4455008187180547,21,425.0,0.0437327584831015,5,98.0,0.51726891651783,4,175.0,0.0,1,50.0,0.7064433050227787,3,73.0,0.4618448712975094,14,393.0,0.0,5,121.0,0.2485000329404883,249,8566.0
595.0,-0.1116,235,88.45000000000002,3.5380000000000003,3.4270246030695453,14,983.0,0.0884475274970353,3,183.0,0.2381150686715985,3,80.0,0.4523348791563104,3,58.0,0.4856232753714078,16,709.0,0.0936467393811699,10,498.0,0.287875743925116,12,263.0,0.1133044909935728,21,620.0,0.1501806730671022,26,961.0,0.2471479716276243,13,647.0,0.1511636981234724,11,190.0,0.2713736443160286,21,632.0,0.0001325136383914,8,495.0,0.2216520089289855,11,528.0,0.2216872493560765,7,265.0,0.2248613172033295,0,37.0,0.502753084196807,4,134.0,0.5554591579171491,4,120.0,0.4952180920213775,16,424.0,0.087480748811052,5,123.0,0.4699521185625936,4,195.0,0.0,0,1.0,0.8126470297889703,3,88.0,0.5183964056331446,14,463.0,0.0,6,148.0,0.1224882904440709,235,8845.0
600.0,0.2003999999999999,196,83.44000000000001,3.337600000000001,3.376604355651464,11,907.0,0.1015247855729242,3,149.0,0.4233817103363839,1,59.0,0.5489096441728082,2,18.0,0.599352886264234,16,708.0,0.15006143845931,12,490.0,0.1224325194193956,9,247.0,0.1827192214294408,19,659.0,0.1371959306792214,27,1023.0,0.1420118870442524,14,573.0,0.1357855218950989,10,214.0,0.2557331122099147,18,667.0,0.0746873282288396,6,455.0,0.1968839456775282,11,529.0,0.2670880572861338,5,166.0,0.3305922423898188,3,47.0,0.2428006369428013,3,115.0,0.3875405962620297,1,77.0,0.5536595104228431,7,391.0,0.2281825900147912,4,88.0,0.4641655487801925,1,137.0,0.1426347795247849,0,1.0,0.7306478085784482,1,63.0,0.2565606448845001,8,424.0,0.2030250007131639,4,137.0,0.2584567413705044,196,8344.0
605.0,0.3428000000000001,175,74.87,2.9948,4.036742248621272,11,961.0,0.1152936555825786,4,135.0,0.4783946219401176,1,8.0,0.6791373451887015,2,28.0,0.44524161526223,16,786.0,0.1679206154535655,13,554.0,0.1887790308445912,5,247.0,0.2872601620572133,16,558.0,0.2087834042491342,27,968.0,0.1664560837599782,14,641.0,0.0958597635814847,7,200.0,0.2718372459908423,13,608.0,0.218999891007908,2,268.0,0.4152621958965062,10,510.0,0.2709576599467233,2,181.0,0.3822711006780296,6,68.0,0.2298453536792263,6,105.0,0.1947772454990004,3,17.0,0.4967843968813956,6,267.0,0.3620808418214017,5,61.0,0.4583599338396165,0,32.0,0.3004099638848458,1,4.0,0.3228524827586282,3,14.0,0.2247288215802848,2,232.0,0.489486153006517,0,34.0,0.602453241066635,175,7487.0
610.0,-0.0792,194,76.85,3.074,4.333228757389266,10,1014.0,0.1196892054124331,4,155.0,0.4943256016820271,2,15.0,0.5677374815154943,5,47.0,0.3362208183402028,15,864.0,0.1597409229209042,16,624.0,0.2160190899464082,6,271.0,0.3462389695400121,15,474.0,0.2348800354885468,23,989.0,0.1998753916378087,17,721.0,0.0725828540033045,8,188.0,0.3525550626412125,11,665.0,0.2758742002651117,3,150.0,0.5397276924765819,9,484.0,0.2400531062904264,5,200.0,0.181880804345334,9,105.0,0.0778625567280783,9,145.0,0.1562642751449478,6,41.0,0.5318379438762814,5,207.0,0.5927890538128634,8,71.0,0.3523169312934515,1,36.0,3.475004414684039e-05,4,20.0,0.3378693052421853,3,29.0,0.2293173850742975,0,163.0,0.6991976327780881,0,7.0,0.7932885008252235,194,7685.0
615.0,-0.1556,215,80.74000000000001,3.2296000000000005,4.179810728103794,13,1073.0,0.0521710494066944,5,176.0,0.3917153213512133,2,25.0,0.4942272088078611,6,76.0,0.3829198827097461,16,939.0,0.1741977243494122,19,714.0,0.2111077752223308,9,309.0,0.3490003711724775,12,439.0,0.2576359291797832,22,956.0,0.1641465376090612,19,806.0,0.0771857607528362,8,159.0,0.3552535806463791,10,720.0,0.2901273662587,3,41.0,0.4516554400084451,10,466.0,0.2111117152420719,10,237.0,0.1410633104252028,11,158.0,0.0663527222121665,10,192.0,0.0003491114945572,6,71.0,0.5569364263129003,5,181.0,0.6435033384185386,9,111.0,0.3936895199083918,1,41.0,0.0,5,43.0,0.0070609102825096,3,44.0,0.2277166800618703,0,97.0,0.7748854165869437,1,0.0,0.7209262569593002,215,8074.0
620.0,-0.3747999999999999,229,90.11,3.604400000000001,3.4927071784845283,17,1149.0,0.047831811049737,7,204.0,0.1003886485637936,2,35.0,0.5711538102812139,6,106.0,0.3758416467969135,15,1015.0,0.1279214333430855,22,818.0,0.1119517816241074,11,360.0,0.3170678251750591,10,459.0,0.223937884778474,20,1012.0,0.1885945896533584,20,900.0,0.0576359810235957,9,178.0,0.2702001700044916,10,773.0,0.1584986204745591,3,56.0,0.4706108386063535,10,483.0,0.0937633968519674,11,288.0,0.1334709861768698,12,215.0,3.0737133732416275e-05,10,242.0,0.0,6,101.0,0.4801954441143785,7,183.0,0.5670279123819123,8,151.0,0.3233508595296169,1,46.0,0.0,7,77.0,0.114007500419998,4,60.0,0.000918574931136,1,100.0,0.6927315796377563,0,0.0,0.8439300601658172,229,9011.0
625.0,-0.022,249,90.66,3.6264,2.805360518428349,15,1000.0,0.0871411094669888,11,249.0,6.522228754744092e-05,5,51.0,0.1069193886702523,4,96.0,0.3102654631335115,17,894.0,0.0790717265517079,19,753.0,0.1240606298154245,10,325.0,0.2403868812936861,13,516.0,0.1551476092013485,24,1118.0,0.1531462920470132,20,865.0,0.1361150680831893,11,229.0,0.1573156106446294,10,669.0,0.1122607785340387,3,71.0,0.2062823819617935,14,542.0,0.0030366215259052,7,249.0,0.2822365546069575,12,275.0,0.0,10,293.0,0.1114835806252568,8,137.0,0.3647715594605189,10,227.0,0.4189833363184905,9,196.0,0.2232416403020027,0,0.0,1.0,7,112.0,0.1042738046394459,4,80.0,0.0,4,115.0,0.5484965410984061,2,4.0,0.4695220749877174,249,9066.0
630.0,-0.3436,264,99.25,3.97,2.14226906501576,9,945.0,0.1262750770359204,11,300.0,0.0001185599520703,6,75.0,0.1184847295836782,6,106.0,0.1955845896769541,16,877.0,0.102858815470644,17,791.0,0.1541636417150018,7,326.0,0.0986718270478198,13,577.0,0.1608738224949032,30,1256.0,0.0945973006865982,16,898.0,0.1863775280204567,13,292.0,0.1645104720145001,9,716.0,0.157591775889506,6,92.0,0.1209542439526665,15,615.0,8.002272348439166e-06,3,232.0,0.392768122752372,12,335.0,0.0,10,343.0,0.142860081462713,12,190.0,0.2231329815555576,14,285.0,0.1939080662184007,14,260.0,0.2213427889815555,0,0.0,1.0,7,147.0,0.1145865689159141,4,100.0,0.0,9,147.0,0.1561654849734735,5,20.0,0.0952230563800773,264,9925.0
635.0,0.4048,206,89.13,3.5652,3.3477574110856256,10,1000.0,0.1668138515733457,7,259.0,0.0451065413120181,2,26.0,0.3165684346820029,4,56.0,0.3834779697544871,14,914.0,0.1491483223282942,11,617.0,0.2008773489609995,7,328.0,0.1087627297349266,9,532.0,0.3010733792668076,28,1152.0,0.1812658020194543,11,812.0,0.2007368749157207,8,236.0,0.3153579129018697,8,635.0,0.1873885709053164,0,26.0,0.8519774829043021,7,347.0,0.1998733151643161,4,200.0,0.3389655387745446,7,284.0,0.2130304578519656,5,243.0,0.3561933196421614,9,149.0,0.1886179656739572,19,371.0,0.1650623724518709,9,246.0,0.3490505664997573,0,0.0,1.0,7,183.0,0.2217423201798288,1,46.0,0.533023252142856,13,201.0,0.0112057103573383,6,50.0,0.1479310015142891,206,8913.0
640.0,0.0059999999999998,209,88.97999999999999,3.5592,3.948247485189012,13,1058.0,0.2124117702644296,7,287.0,0.0983127269180063,2,26.0,0.3003245069408298,5,63.0,0.5464911106835223,14,981.0,0.1474948127609796,10,474.0,0.2223169356896285,8,370.0,0.1075523068353476,13,590.0,0.3442914242606207,30,1221.0,0.2199746905663381,8,635.0,0.2611372347404788,4,199.0,0.3999062892174306,12,670.0,0.1779279141802634,0,3.0,0.7853730052165292,4,230.0,0.4752760082095223,7,230.0,0.3516775514882109,2,237.0,0.4050971735846755,0,153.0,0.581536931318663,12,146.0,0.193357959996963,23,481.0,0.1714348525379712,4,244.0,0.3564659132028885,0,0.0,1.0,8,222.0,0.3144508988862202,1,24.0,0.6303870637427799,15,272.0,9.2180947162211e-05,7,82.0,0.1089616506229194,209,8898.0
645.0,-0.1643999999999999,224,93.09,3.7236,4.059146683488256,16,1130.0,0.2675244963393847,9,326.0,0.086035625606383,2,36.0,0.2859969231310572,5,88.0,0.5657046040773269,13,1049.0,0.1151183651973537,8,450.0,0.3338434505678898,11,417.0,0.1002022673748956,16,667.0,0.2701545711219584,32,1379.0,0.1914595254323767,10,539.0,0.2859219161232986,4,131.0,0.4543036723745545,11,727.0,0.1832080456890083,0,3.0,0.8654285852894161,4,119.0,0.4142268994782062,10,272.0,0.3858878309108618,0,177.0,0.6182919821920047,0,60.0,0.775696148821309,13,184.0,0.1683664706473142,23,596.0,0.2122821716502912,6,204.0,0.3300689962134731,0,0.0,1.0,8,262.0,0.3846076358081677,1,29.0,0.6483543889885406,15,347.0,0.0,7,117.0,0.204176946354278,224,9309.0
650.0,-0.402,247,103.14,4.1256,3.6997114191877136,18,1219.0,0.2847637480305584,10,376.0,0.1000210474643971,2,46.0,0.1066965278402088,5,113.0,0.5359410841621048,15,1116.0,0.1277784864716898,8,430.0,0.1741483488888979,13,479.0,0.0572028674273096,21,762.0,0.2583828517191348,35,1546.0,0.1651668667008859,14,558.0,0.1524169585984923,4,133.0,0.3976524064440372,14,789.0,0.1216638158437892,0,3.0,0.8115879462230762,4,139.0,0.472320392716075,10,321.0,0.3031005222026359,1,179.0,0.5711149626310548,0,30.0,0.7748133622045499,13,249.0,0.1561515790599206,23,711.0,0.2409283240092911,6,205.0,0.3937069534406913,0,0.0,1.0,8,302.0,0.4592511453231984,1,34.0,0.653914001514412,15,422.0,0.0,7,152.0,0.1683823827754082,247,10314.0
655.0,-0.1339999999999999,266,106.49,4.259600000000001,3.182026934136488,13,1130.0,0.3350565266239831,6,267.0,0.2388637973502434,3,59.0,0.2930147878535226,6,140.0,0.462241306074078,19,1200.0,0.0729554060557821,10,435.0,0.0471005752441611,15,506.0,0.0017802951333933,23,831.0,0.2604183015596757,34,1554.0,0.1492416792212439,19,643.0,0.0220214570817963,6,158.0,0.3283371473778407,19,874.0,0.0371204222877807,0,3.0,0.7958451704922348,4,159.0,0.5261220862279468,12,262.0,0.2508950757063529,4,192.0,0.4205275703662152,2,34.0,0.321499967434768,13,315.0,0.2268429143723795,18,677.0,0.2393339857588969,10,247.0,0.1977548841274777,0,0.0,1.0,5,235.0,0.3916456172521627,1,39.0,0.675687702811029,15,497.0,0.0,9,192.0,0.1037303758238298,266,10649.0
660.0,0.2676,229,99.8,3.992,3.1422878260468328,8,1015.0,0.341598461392131,2,208.0,0.4159176109632639,1,39.0,0.6361759609009424,4,68.0,0.2839563388446465,20,1147.0,0.0900150016128613,7,393.0,0.1380650979781446,14,518.0,0.1328765886633265,21,869.0,0.2498363007169294,27,1548.0,0.1430630387888863,21,601.0,0.0724789115329966,4,131.0,0.4272812695861575,22,879.0,0.0145925393056987,1,6.0,0.2559668051125114,2,109.0,0.3519585610668305,10,219.0,0.2432771125465542,8,223.0,0.2742227168440381,5,54.0,0.0142436932251089,9,298.0,0.2608848524382616,13,610.0,0.1845909247959682,11,233.0,0.1871639429652885,0,0.0,1.0,4,251.0,0.172826669096108,1,5.0,0.5712660040094791,9,393.0,0.1879018075372322,5,163.0,0.2746636770366725,229,9980.0
665.0,0.2404,204,93.79,3.7516,3.666191895109433,7,939.0,0.3267604439844987,5,192.0,0.3937663840501386,1,18.0,0.7832430507074429,5,37.0,0.3063825908880435,20,1211.0,0.1558659303812351,4,419.0,0.245486093171225,9,380.0,0.315031548391608,19,767.0,0.2614210220674843,26,1497.0,0.1153207781574783,16,687.0,0.1843700694201359,5,115.0,0.3509055477992518,17,706.0,0.0435096982316224,3,18.0,0.3460614214151864,5,126.0,0.2104798666141005,7,261.0,0.2351689534313542,10,267.0,0.0663688693443699,7,86.0,5.146443552779335e-05,5,235.0,0.3957730602802902,13,601.0,0.2638431055341527,9,189.0,0.2586319285643381,0,0.0,1.0,4,269.0,0.0669184752076935,3,16.0,0.2421416788108347,4,297.0,0.333176974760061,0,46.0,0.638436593548082,204,9379.0
670.0,-0.1276,208,96.98000000000002,3.8792,3.831162364779759,11,986.0,0.1178967806076173,6,222.0,0.3348427150614348,1,23.0,0.7716025428200473,6,69.0,0.1434947273700034,17,1297.0,0.1485141529275444,6,446.0,0.3346702858370705,4,294.0,0.4674460050575346,17,732.0,0.2359531447318482,21,1521.0,0.1589078851148458,15,771.0,0.1702490846675767,9,154.0,0.366037037617836,13,650.0,0.1156531191036486,3,33.0,0.4843570918405646,8,162.0,0.0943698774425445,10,307.0,0.172309175430077,14,329.0,0.0032906334769097,7,121.0,1.7174995642092334e-06,3,188.0,0.4564945600365588,12,574.0,0.3804060235566018,11,226.0,0.3252578735547418,0,0.0,1.0,8,301.0,0.0524146187115329,6,40.0,0.222028468653161,0,229.0,0.4884633546543473,0,23.0,0.6723304309031015,208,9698.0
675.0,-0.0792000000000001,213,98.96,3.9584,4.114362516869547,19,1066.0,0.0695729128759902,7,256.0,0.3874959455614069,1,28.0,0.7502238533139622,8,106.0,0.1944737687135277,16,1380.0,0.174914189275579,9,487.0,0.3531397776880149,1,212.0,0.5285247400931572,16,640.0,0.1941926692174519,17,1482.0,0.1823550297822329,15,846.0,0.1409624395774443,9,199.0,0.4267297341194142,8,516.0,0.1966004666519242,3,48.0,0.5802333709434742,6,154.0,0.1315097880480459,12,360.0,0.1746449878264967,15,403.0,2.7210225147233927e-05,7,156.0,0.218176410309106,3,147.0,0.5842006126471495,13,545.0,0.449788188852921,11,280.0,0.3076501682541783,0,0.0,1.0,11,350.0,0.0094110476075805,6,70.0,0.2217141865879736,0,162.0,0.6221729577276448,0,3.0,0.5868994575280164,213,9896.0
680.0,-0.3363999999999998,242,107.37000000000002,4.2948,3.609997986477744,23,1173.0,0.0374282247517091,7,291.0,0.3003401330513013,2,34.0,0.5540238182590898,9,151.0,0.2674004430904504,21,1470.0,0.1008482935812473,9,532.0,0.3459209608741413,1,213.0,0.4485043637559268,20,677.0,0.151196452579853,19,1535.0,0.1899717520958686,18,926.0,0.1166080995388836,9,244.0,0.3746084621281319,6,487.0,0.2767200231367035,3,63.0,0.5185251655335893,5,134.0,0.2045740106429218,16,431.0,0.102688474262873,15,478.0,1.3796571720621118e-06,7,191.0,0.303094951309249,3,107.0,0.5500665978801823,13,579.0,0.4071749953860413,13,339.0,0.3111182918700319,0,0.0,1.0,15,415.0,0.0008520736710286,6,100.0,0.1400763289169518,1,165.0,0.498706731417105,1,2.0,0.5401339139856367,242,10737.0
685.0,-0.0456,255,108.50999999999998,4.3404,2.853424077451199,20,1040.0,0.0826647057140496,11,333.0,0.0749134747246346,5,50.0,0.2384408174750563,6,150.0,0.3083882853340756,16,1317.0,0.1168943981724741,7,401.0,0.3405041035372874,0,152.0,0.4036989011096079,20,772.0,0.1327170675498352,27,1652.0,0.106472481806622,15,846.0,0.1306456385979047,8,188.0,0.3872145398001329,7,516.0,0.2706886556335378,4,82.0,0.4427042832964508,6,161.0,0.2088387826426212,16,403.0,0.1442870993158293,15,553.0,0.058134530656108,7,226.0,0.3259445021740047,6,133.0,0.3471021740851086,16,653.0,0.2049280984660452,14,405.0,0.2930780362347608,0,0.0,1.0,15,489.0,4.003545178639592e-05,7,133.0,0.0010910730438214,4,182.0,0.1828306178280462,3,14.0,0.4640320103833149,255,10851.0
690.0,-0.352,284,117.31000000000002,4.6924,2.294682963886701,16,1008.0,0.1440452406188905,11,387.0,0.1463770941950235,7,79.0,0.1875068663575426,7,165.0,0.1756210985164801,13,1269.0,0.0537031446966685,4,348.0,0.2658454411103884,2,128.0,0.2889117696507406,21,875.0,0.1265445873534042,33,1805.0,0.1097285283073924,17,854.0,0.1680527827691506,9,231.0,0.3518186636503084,10,559.0,0.2110049134875163,4,102.0,0.1121612608093826,7,196.0,0.1897598561901151,13,423.0,0.2216936764958942,15,629.0,0.1137712803746941,7,261.0,0.3186418934025041,10,176.0,0.190067839619995,24,763.0,0.1410351633169556,16,481.0,0.3076277556321041,0,0.0,1.0,15,564.0,5.062010435197558e-07,8,173.0,0.0,9,217.0,0.0046705811863052,6,38.0,0.1294586530781244,284,11731.0
695.0,0.2808,231,110.29,4.4116,3.27407999856676,19,1095.0,0.0435014689630966,7,214.0,0.1130486913864642,4,52.0,0.2362874830607736,5,111.0,0.2790805404680724,10,1252.0,0.0896072394347858,3,286.0,0.2616656850109748,4,145.0,0.2864652462701798,21,980.0,0.2131235251577173,32,1859.0,0.1537430642567017,13,771.0,0.2169646187730651,7,159.0,0.4244353536613617,9,490.0,0.1875434403181061,0,0.0,0.1770731257429278,2,152.0,0.4521996229511866,7,402.0,0.2922701217098674,10,546.0,0.2597509657815824,2,143.0,0.5260890689266431,9,158.0,0.2266080740661407,26,826.0,0.1283457580595245,11,410.0,0.3643970252683325,0,1.0,0.8718113302704668,10,547.0,0.1250605166447868,3,106.0,0.3470213897368777,10,266.0,2.9264527585234048e-05,7,58.0,0.168923279471273,231,11029.0
700.0,-0.0344,245,111.15,4.446000000000001,3.61533101719787,22,1202.0,0.069453022502756,3,127.0,0.3917800248484002,4,72.0,0.2110140389433233,6,135.0,0.3299805685699105,16,1289.0,0.0779579567659971,7,315.0,0.1961314159516745,8,180.0,0.2352124598206557,21,1085.0,0.2872329465635819,32,1954.0,0.1881215829478865,11,691.0,0.1822033104627722,6,124.0,0.3596930256272585,11,506.0,0.1667551223253571,0,0.0,1.0,2,78.0,0.5589140303036212,9,352.0,0.3768496403422459,6,382.0,0.3628826561289232,1,74.0,0.6154761445667443,12,192.0,0.2479827825704426,30,939.0,0.1508685277515357,10,352.0,0.3041940834482133,0,1.0,0.889940809311977,8,595.0,0.1825131485730893,2,61.0,0.4995137476420526,10,316.0,1.018476445045777e-06,8,93.0,0.1826053562698194,245,11115.0
705.0,-0.3144000000000002,268,119.01,4.7604,3.547903918061362,23,1314.0,0.0414582004742522,3,68.0,0.4063070598941715,5,94.0,0.1517958864298144,6,165.0,0.4236896551379485,14,1359.0,0.0693187864276096,10,358.0,0.1732076227310952,11,229.0,0.2570909367701341,24,1198.0,0.2506530797277131,37,2060.0,0.1499090866821091,10,680.0,0.1813931204068276,9,106.0,0.3080117876477824,11,561.0,0.1722556853051487,0,0.0,1.0,2,88.0,0.6320527036059622,10,367.0,0.3769405234723597,3,338.0,0.4294286390379478,4,19.0,0.4478756206160955,15,262.0,0.2501294347810381,33,1097.0,0.2084361396947777,11,365.0,0.3237201597455019,0,1.0,0.8118203450447427,7,631.0,0.2224511358079523,2,45.0,0.4884196626811539,10,366.0,0.0,8,130.0,0.1939323383080905,268,11901.0
710.0,-0.5099999999999999,295,131.75999999999996,5.2704,3.0810789169447386,24,1430.0,0.0070758930103785,3,68.0,0.1995554972180496,5,119.0,0.032948528546872,6,195.0,0.3932943817744209,18,1445.0,0.1038653695038243,12,415.0,0.1402914726673047,14,292.0,0.2734238098253154,28,1329.0,0.2047859747135124,40,2237.0,0.1111465469535446,14,727.0,0.1012955529664065,10,138.0,0.2291830002793554,11,616.0,0.1204788046997939,0,0.0,1.0,2,98.0,0.6611304066802464,13,427.0,0.3271745713071927,1,308.0,0.3667221946796158,4,39.0,0.4508498691457679,16,338.0,0.1621631423325253,34,1263.0,0.2050227903712555,10,376.0,0.2456714286491791,0,1.0,0.7788053463172284,10,674.0,0.2176304889036514,2,55.0,0.4847292481403051,10,416.0,0.0,8,170.0,0.2090912440771219,295,13176.0
715.0,-0.0411999999999999,296,132.79,5.311600000000001,3.0101532548083187,14,1168.0,0.1213852683346549,4,68.0,0.3245597645439175,5,144.0,0.2651332803988558,4,109.0,0.5311930302521747,19,1536.0,0.099423196050618,13,479.0,0.0029596185269736,16,346.0,0.3153140019762534,23,1252.0,0.1920895743587315,40,2202.0,0.1159682896509551,20,815.0,0.0285639853136284,12,194.0,0.0723210982896883,13,676.0,0.0013008186496037,0,0.0,1.0,2,108.0,0.636634540328403,16,502.0,0.2625624037423033,4,321.0,0.3066402333054899,4,59.0,0.456808358695202,17,421.0,0.1579081110894283,30,1199.0,0.2263563459128584,10,394.0,0.1744539275887662,0,1.0,0.8127218233561955,9,541.0,0.189279285806158,2,65.0,0.5686908931853588,10,466.0,0.0,9,213.0,0.1924846764785717,296,13279.0
720.0,0.2579999999999998,246,126.34,5.0536,2.94314538089034,5,1027.0,0.1767327351330884,3,55.0,0.4668647728413583,1,89.0,0.5004356402620822,1,55.0,0.5280737002131344,17,1464.0,0.1239434293475349,12,446.0,0.0583152731477898,13,369.0,0.3652602777614395,24,1188.0,0.1857271711535079,33,2177.0,0.1127209778358542,21,824.0,0.041498249809878,12,231.0,0.1199031416798193,11,644.0,0.0644229589238283,0,0.0,1.0,1,39.0,0.508695579338781,15,506.0,0.2415449825656379,7,350.0,0.1789804670640775,1,57.0,0.3613687326164714,16,444.0,0.1836847536645349,23,1164.0,0.2217716567248421,10,377.0,0.1756662616764784,2,4.0,0.0226167817763861,6,493.0,0.0883959488131358,0,36.0,0.547775537677277,6,404.0,0.1525361776557278,6,191.0,0.2163487353888905,246,12634.0
725.0,0.3268000000000001,232,118.16999999999996,4.7268,3.4164960220823195,8,1052.0,0.1452647093616699,3,38.0,0.5767629191130889,1,8.0,0.6954660531300394,3,15.0,0.536614013022979,16,1135.0,0.1438788291210272,8,496.0,0.2000704705414085,9,424.0,0.3337313312294178,26,1149.0,0.1553874984958033,32,2138.0,0.1207033505989544,22,931.0,0.0842595178802005,7,221.0,0.3254204236756949,6,434.0,0.3162848135982879,0,0.0,1.0,4,17.0,0.4127299775040332,15,578.0,0.2009449452845835,10,394.0,0.0882195431549175,3,32.0,0.3261853560219575,13,417.0,0.2254349556241563,21,1108.0,0.1984927173182906,10,357.0,0.2391609896823958,3,17.0,2.7365797663865383e-05,8,528.0,0.0754436693883047,2,11.0,0.6247427381815919,1,210.0,0.4148157841160468,1,107.0,0.4490967555370234,232,11817.0
730.0,-0.0312000000000001,249,118.95,4.757999999999999,3.4330617438915727,16,1115.0,0.0617976866844829,3,53.0,0.5622173288281028,1,13.0,0.6435727052884014,3,35.0,0.4821591350747045,17,1013.0,0.1807292904822604,8,534.0,0.2330520477933598,15,483.0,0.198808804470606,28,1066.0,0.140959467725587,33,2228.0,0.1249962864841636,19,1030.0,0.1290468647073314,5,172.0,0.4944380842293531,3,274.0,0.5866296682808999,0,0.0,0.6548323719999297,6,43.0,0.1801016717926269,16,653.0,0.102340146713398,13,453.0,0.0163788197026466,4,33.0,0.2876336449106293,10,401.0,0.26368881324339,21,1125.0,0.2000830101899718,13,395.0,0.3157253276264719,3,32.0,0.0,9,569.0,0.0670701177973407,3,23.0,0.6393701823497074,0,106.0,0.7750271610191667,0,46.0,0.5980221552337815,249,11895.0
735.0,-0.1715999999999998,279,123.24,4.929600000000001,3.359628745648888,19,1207.0,0.0713893037491754,4,69.0,0.3908139712209664,2,22.0,0.4335949551245842,6,60.0,0.5000803055726631,16,826.0,0.2147163759424367,11,584.0,0.2000572557912795,20,569.0,0.199719921794547,29,1074.0,0.1064760445692613,31,2375.0,0.1211735560270216,19,1125.0,0.1125626442502951,5,129.0,0.5775315951183534,3,176.0,0.5868810872037219,0,0.0,0.7813371312809002,9,83.0,0.1436763818435143,20,744.0,0.0791890447970967,16,527.0,0.0012149293940502,4,53.0,0.3934286159879628,7,373.0,0.2576883407969195,25,1150.0,0.1496023602235072,18,465.0,0.280308609431957,3,47.0,0.0,9,610.0,0.0682510527511,3,38.0,0.6300533601049358,0,2.0,0.8114093249181322,0,16.0,0.6107010647274725,279,12324.0
740.0,-0.4632,298,134.82000000000002,5.392799999999999,3.035736528656048,20,1303.0,0.040816758859675,5,91.0,0.365503291421112,2,31.0,0.4312804395652722,8,99.0,0.5264171546906917,15,827.0,0.2110596536350433,14,649.0,0.2064994596681698,21,666.0,0.1489397471455489,28,1146.0,0.1191630581350554,29,2525.0,0.1222885785423197,20,1221.0,0.0929081414001377,5,132.0,0.5751032549612551,4,137.0,0.4617479084992224,0,0.0,0.8493525330351265,10,132.0,0.0034856659490512,22,846.0,0.0508452678276662,18,616.0,4.977384169644929e-05,4,73.0,0.446419494302,7,376.0,0.2428407980607754,27,1255.0,0.1040814338573854,20,560.0,0.3116780582621928,3,62.0,0.0,12,661.0,0.0335227683909326,3,53.0,0.6386837895138402,0,2.0,0.8724810516167046,1,19.0,0.2831000541773743,298,13482.0
745.0,-0.1808,306,139.34,5.5736,2.441630141608541,16,1091.0,0.0893614114015088,8,123.0,0.1685744032685653,4,43.0,0.0192198216593811,4,96.0,0.4875943763755047,17,905.0,0.1621795958526181,11,494.0,0.108572439361804,19,626.0,0.0833742717094973,27,1283.0,0.095870674490869,28,2669.0,0.1004605528630782,17,1110.0,0.1170284434682932,6,159.0,0.4136049732107116,4,157.0,0.406975412445574,0,0.0,0.8717495720392994,11,187.0,0.0,22,794.0,0.0908826475904738,18,706.0,1.6290618820630402e-06,5,96.0,0.2946341320023389,10,419.0,0.1413465791522899,30,1401.0,0.1067185294070739,21,661.0,0.2411322952210077,3,77.0,0.0,16,732.0,0.003075665851527,3,68.0,0.5717057155816824,0,2.0,0.9472270911905516,6,35.0,0.1729321709152308,306,13934.0
750.0,-0.4279999999999999,320,150.04,6.0016,2.109576780254869,14,1015.0,0.1225669421626128,8,163.0,0.2287611034103562,5,64.0,2.12212789683947e-05,4,101.0,0.2957954878667305,17,983.0,0.1658471812792392,9,459.0,0.2143496196337448,19,656.0,0.0505829451589109,27,1419.0,0.1094317704975404,31,2818.0,0.098011286516323,15,1093.0,0.0612389329079937,9,201.0,0.3838866967822318,6,184.0,0.2636277078105217,0,0.0,0.8358601044034154,11,242.0,0.0,19,816.0,0.1924153634792499,18,796.0,1.0277863070043911e-06,6,125.0,0.302844425620766,10,464.0,0.1388463293882927,31,1555.0,0.0977134393836466,25,780.0,0.2109932696612979,3,92.0,0.0,18,817.0,9.222911029412316e-05,7,91.0,0.2439353911131558,1,4.0,0.3044629611488568,7,66.0,0.1944016116088609,320,15004.0
755.0,0.0987999999999999,272,147.57,5.902800000000001,2.970672532639681,18,1096.0,0.0442863719310235,3,77.0,0.3926390926568545,1,16.0,0.1781940928469538,8,54.0,0.2105139185115657,13,998.0,0.2068555844057673,6,414.0,0.2501640439588541,19,749.0,0.1252762678018214,25,1548.0,0.1489457170699624,31,2861.0,0.14078945600224,13,1064.0,0.1039616490962154,7,127.0,0.3434583294379559,1,80.0,0.6067451422091288,0,0.0,0.7081080959236787,6,222.0,0.2248706432338629,13,815.0,0.2295415387818204,13,713.0,0.1569423331015297,3,52.0,0.4815755163246885,10,417.0,0.1766523726071616,25,1624.0,0.1609096470245029,25,756.0,0.1853345176128021,0,31.0,0.5580166947957077,18,908.0,0.0875168305100828,6,35.0,0.3202454838035333,2,14.0,0.2975218466904886,6,86.0,0.2780323613778847,272,14757.0
760.0,-0.1343999999999999,276,150.93,6.0372,3.3553721446079368,18,1186.0,0.0890356310543068,4,58.0,0.258944426628389,1,15.0,0.3339828805335149,12,104.0,0.2410363654936982,13,1025.0,0.2080251955502133,9,409.0,0.1783961332299882,21,853.0,0.1852048150117375,25,1677.0,0.2047250202073474,30,2942.0,0.1626480946925078,14,1034.0,0.1090419380714477,9,91.0,0.3690294175931198,1,75.0,0.6500616326033677,0,0.0,1.0,1,151.0,0.5783123326919773,8,769.0,0.3162993239411377,8,542.0,0.3292668243932312,4,45.0,0.3833253317445016,13,477.0,0.1777121108921489,26,1693.0,0.1980589872464444,24,732.0,0.2072949877886098,0,1.0,0.8815288596699772,18,1000.0,0.1699503065690981,8,72.0,0.2037684301796831,2,24.0,0.0070178811945012,7,118.0,0.1937015947206275,276,15093.0
765.0,-0.35,306,159.67999999999998,6.387199999999999,3.1968886803808574,19,1277.0,0.0021411944422439,5,81.0,0.1268875462179632,1,20.0,0.4150442932619804,15,172.0,0.1651642433288557,18,1102.0,0.1767343492569465,11,463.0,0.178065499321421,22,964.0,0.1968912866190622,29,1815.0,0.170720869800605,34,2997.0,0.1639967036638009,14,1088.0,0.0859314327030715,10,127.0,0.3319784994289303,1,80.0,0.694791480019251,0,0.0,1.0,0,73.0,0.7775966937567125,10,759.0,0.3197633863273352,4,426.0,0.4791593211044768,5,70.0,0.3493929815594493,17,555.0,0.1373948732927968,29,1782.0,0.2028720447885662,22,711.0,0.1863500682994508,0,1.0,0.8227530249801873,18,1090.0,0.1733114307422645,10,119.0,0.1838173956830102,3,39.0,0.0,9,157.0,0.0829495668699882,306,15968.0
770.0,-0.5784000000000001,324,174.14,6.9656,2.5405704638786597,20,1377.0,0.0022080545828408,5,106.0,0.1640363525796321,1,25.0,0.105166544652997,16,251.0,0.1704006626936111,20,1196.0,0.1022600353792571,11,518.0,0.120401698864806,22,1074.0,0.1882050624769004,33,1973.0,0.1432350605576483,38,3164.0,0.1512388261681134,13,1155.0,0.0777761296818577,10,177.0,0.2945680527513079,1,85.0,0.2297550428382941,0,0.0,1.0,0,48.0,0.7444838722875019,13,790.0,0.2518287551067034,0,362.0,0.3326446318751333,5,95.0,0.4037221854889963,20,649.0,0.0741201758266481,34,1943.0,0.1732034401874915,21,818.0,0.1642509615354766,0,1.0,0.7823797378478642,19,1182.0,0.0195482556419821,10,169.0,0.1908329614694919,3,54.0,0.0,9,202.0,0.006041441206947,324,17414.0
775.0,0.0743999999999999,328,172.27999999999997,6.8912,2.4688945029613563,11,1050.0,0.0911114652657423,6,134.0,0.2410578694949521,2,34.0,0.2101096967476137,17,336.0,0.1313145239105241,24,1308.0,0.0902114918595767,8,504.0,0.1850274062389588,22,1091.0,0.1971001960221928,27,1843.0,0.1559680012304655,34,3023.0,0.1128262772877838,16,1226.0,0.0731170440110792,12,233.0,0.232417543067488,3,97.0,2.244898024069e-05,0,0.0,1.0,2,56.0,0.6802407047993161,19,871.0,0.1622014301191003,3,372.0,0.2166233761652372,5,120.0,0.4223779060062266,23,759.0,0.0446229979148381,33,1855.0,0.1854249685120735,20,832.0,0.120024893607528,0,1.0,0.809637564323745,17,938.0,0.0235479018373322,10,220.0,0.2530391603683736,3,69.0,0.0,11,256.0,0.0768829457299493,328,17228.0
780.0,0.2319999999999999,283,166.48000000000005,6.659199999999999,2.5467405913677084,4,855.0,0.1254402689792395,1,82.0,0.4065460442066561,2,11.0,0.0001027770065323,13,352.0,0.1138482688302403,22,1278.0,0.1159903463226002,7,443.0,0.112338317225429,22,1077.0,0.1958240180353598,23,1739.0,0.2110176076240841,29,2996.0,0.1363094501120078,16,1196.0,0.0816558181771271,10,262.0,0.1912830820441169,2,20.0,0.2615342258184299,0,0.0,1.0,3,71.0,0.373000582091896,22,792.0,0.1048497474157893,7,399.0,0.188430487439085,3,106.0,0.3271999536949356,23,817.0,0.1104476974648222,31,1826.0,0.175968661561372,15,805.0,0.1500188990226311,0,1.0,0.7969923779391347,14,1011.0,0.0597625676576126,6,201.0,0.255966506358514,0,49.0,0.4575937838129578,8,259.0,0.1454201933890457,283,16648.0
785.0,0.1760000000000001,287,162.08,6.4832,2.655319353982912,6,730.0,0.2031255389283387,2,16.0,0.6079733008891519,2,21.0,0.2780993824810283,12,352.0,0.1990452599385726,21,1041.0,0.1777104978620594,4,467.0,0.2183014432956629,25,1123.0,0.1521804517997612,25,1564.0,0.138544852700892,30,3083.0,0.1265255122418608,17,1280.0,0.096940561211826,7,242.0,0.2285688532248324,2,30.0,0.4583973548479086,0,0.0,1.0,6,97.0,0.2188118696946461,26,911.0,0.0847511523217141,9,439.0,0.0765229388873389,3,63.0,0.4305489268248427,23,734.0,0.1320302449606187,30,1782.0,0.1136943643082099,15,810.0,0.1966096383847937,1,3.0,0.3978274322960127,13,1074.0,0.0693667719103543,3,137.0,0.3717657694005625,0,2.0,0.7501045040720282,5,207.0,0.214185910096371,287,16208.0
790.0,-0.2227999999999998,308,167.65000000000003,6.706,2.6430146081438712,10,773.0,0.1789386457559454,2,26.0,0.5913319508083884,2,31.0,0.3265031777421425,9,380.0,0.2539106357632053,18,872.0,0.2084076412998162,6,494.0,0.272502244153159,27,1253.0,0.1269971856283332,29,1541.0,0.1486677397997134,31,3219.0,0.1521010052386312,19,1368.0,0.0969269665889162,8,192.0,0.2323237544760803,2,40.0,0.4954343693844437,0,0.0,1.0,10,136.0,0.1940510380322107,26,1039.0,0.0757237975387674,13,497.0,0.0626778158655343,5,41.0,0.4939421437303108,20,712.0,0.1903493020412386,34,1824.0,0.0709190818293082,18,893.0,0.1744171100092829,5,18.0,0.0091460345360234,10,1129.0,0.0642561809688713,3,102.0,0.4241645768584545,0,2.0,0.735085575594659,1,183.0,0.3446667700381158,308,16765.0
795.0,-0.3540000000000001,328,176.50000000000006,7.06,2.6965320083244047,13,835.0,0.1891056213414483,2,36.0,0.4060271453577107,2,41.0,0.2129333336713461,6,413.0,0.2600038299176163,16,803.0,0.2094987563556787,9,535.0,0.2726640639625292,32,1402.0,0.0860178229526398,26,1454.0,0.1671272181320561,29,3370.0,0.1500169093363905,20,1467.0,0.087459000887877,8,179.0,0.2865970992385092,2,50.0,0.5955701352087849,0,0.0,1.0,11,190.0,0.190839920916574,25,1166.0,0.0725278888626551,16,571.0,0.0576533183989529,5,66.0,0.5282718603647064,20,638.0,0.2436466810006375,41,2018.0,0.0546280757293958,26,1008.0,0.1644124497830718,6,46.0,2.236533307023537e-05,10,1175.0,0.0782680092939724,3,71.0,0.4364173873781096,0,2.0,0.8752027685902607,0,114.0,0.4353844749842794,328,17650.0
800.0,-0.572,344,190.8,7.632,2.370171587709621,14,905.0,0.1987292679740903,3,50.0,0.4424726589802512,3,54.0,0.2282992567778643,7,447.0,0.1926505628828571,14,809.0,0.2107204588351189,9,580.0,0.1993690231003913,38,1583.0,0.0414167177407335,23,1502.0,0.1826545463799551,30,3517.0,0.1039970132432388,21,1570.0,0.1070343501164458,8,193.0,0.0903645362283284,2,60.0,0.4747408559660631,0,0.0,1.0,11,245.0,0.1318868539944133,26,1294.0,0.0357325037094636,16,651.0,0.0535549754150283,5,91.0,0.5335097960299375,17,679.0,0.314100675489083,41,2224.0,0.0495549248965239,31,1156.0,0.1436615140868833,6,76.0,0.0,15,1239.0,0.0340098134670992,3,63.0,0.207915607207096,0,2.0,0.809482130881245,1,90.0,0.4297829886508779,344,19080.0
805.0,-0.3667999999999999,348,199.97000000000008,7.998800000000001,2.3214735844504064,15,976.0,0.1439009360541642,4,68.0,0.3639715141923527,4,72.0,0.1998914955086288,8,394.0,0.1094502400786448,15,885.0,0.2602244364531136,5,436.0,0.2979809971864038,37,1690.0,0.039887731314747,25,1622.0,0.1208754007317451,32,3670.0,0.0665762743974687,16,1407.0,0.1204397263799542,10,243.0,0.2147423382654492,3,75.0,0.5257651502282082,0,0.0,1.0,12,305.0,0.0993124464273339,21,1216.0,0.0908134075553193,16,731.0,0.086656448096795,7,121.0,0.4258320202290982,16,758.0,0.2574599692202703,38,2424.0,0.0479843729082944,33,1295.0,0.1577894576020386,6,106.0,0.2273667980551486,18,1322.0,0.0466533677361998,4,80.0,0.169572896645844,0,2.0,0.8612788593240445,3,99.0,0.3600012371224904,348,19997.0
810.0,-0.5748000000000002,366,214.34000000000003,8.5736,1.7936724934160977,19,1062.0,0.0495916849124004,5,89.0,0.2545248606220955,4,92.0,0.0077500133573751,6,390.0,0.0926599883415233,17,963.0,0.1518686815256154,5,370.0,0.1849061470376039,35,1868.0,0.0328627171552518,23,1744.0,0.1234774919592084,36,3838.0,0.0771652546876292,12,1356.0,0.070817939531996,10,293.0,0.2371326651587061,4,93.0,0.3742756752498887,0,0.0,1.0,14,369.0,0.0001916956450492,20,1230.0,0.1306325709140537,17,813.0,0.0473664852727873,8,159.0,0.3223404100283867,16,835.0,0.2089618984203843,37,2615.0,0.0492615064401073,38,1469.0,0.1332454460166025,6,136.0,0.2344585039327632,19,1416.0,0.0463363276043386,5,101.0,0.0002494324264975,0,2.0,0.6230994415823432,10,131.0,0.2015722447122324,366,21434.0
815.0,0.1139999999999999,312,211.49000000000004,8.4596,2.4710037571040795,15,904.0,0.0369838633973155,2,36.0,0.4378621457708208,0,30.0,0.3194024882701542,6,365.0,0.0919702532514558,11,989.0,0.1702389110483518,6,329.0,0.2710340975439468,35,2044.0,0.0747257439241406,26,1870.0,0.1441676511761891,35,3920.0,0.1225342683293798,12,1405.0,0.0829339864195281,6,256.0,0.4020739739064711,0,0.0,0.6778817654217616,0,0.0,1.0,9,301.0,0.196663664889584,17,1192.0,0.1874634504150439,12,718.0,0.1772446554583689,6,130.0,0.2774162397702444,17,921.0,0.2157522307092331,31,2718.0,0.0901526362594242,38,1475.0,0.1098884392933182,2,100.0,0.2870224460281763,14,1255.0,0.1719702042918072,1,14.0,0.0,2,11.0,0.667610699084552,9,166.0,0.2021172149417266,312,21149.0
820.0,-0.1063999999999999,307,214.1500000000001,8.565999999999999,2.715669297457532,10,687.0,0.0862629940695712,2,30.0,0.3878707705366756,0,0.0,0.3185968433550706,9,403.0,0.1689248586754713,15,1024.0,0.1592585751587274,8,367.0,0.3329188765032694,33,2209.0,0.1132568710330037,29,2012.0,0.1187783314992095,34,3985.0,0.1498532409242508,14,1474.0,0.0795265180704587,2,170.0,0.4114039383296992,0,0.0,0.8838814133406248,0,0.0,1.0,5,229.0,0.42099351624046,15,1151.0,0.1818857091841855,8,615.0,0.3752115431080521,9,84.0,0.2163663244954662,19,1005.0,0.1509556730973691,32,2874.0,0.1197562873808511,36,1583.0,0.1198293818658459,1,55.0,0.1443865260963842,10,1196.0,0.225430131006574,1,19.0,0.0,4,24.0,0.3155868852802901,11,219.0,0.1496014875909848,307,21415.0
825.0,-0.2571999999999999,318,220.58,8.823200000000002,2.765024822986141,7,579.0,0.2462219810245233,2,40.0,0.3215796644113365,0,0.0,0.8824596086005747,9,447.0,0.1478769583139488,17,1099.0,0.1303325781794535,9,407.0,0.3539695965030037,36,2383.0,0.1193987108442524,33,2170.0,0.1099270150170049,35,4046.0,0.1237818771628268,16,1548.0,0.1115261465657621,4,93.0,0.3645475101222509,0,0.0,0.8254464034331065,0,0.0,1.0,0,147.0,0.6256703060930822,14,1115.0,0.1666915566469368,4,495.0,0.4420305448525284,10,132.0,0.2048068622689834,23,1107.0,0.1405479320621284,34,2965.0,0.1520526146467159,36,1685.0,0.0674692160489837,2,12.0,0.2771949139473518,9,1241.0,0.2419566023890059,1,24.0,0.0,6,49.0,0.1238801148593916,11,274.0,0.2071707422806528,318,22058.0
830.0,-0.5204000000000001,330,233.59,9.343600000000002,2.570050310906762,6,555.0,0.3094708010023744,2,50.0,0.2870446975653509,0,0.0,1.0,12,503.0,0.0828519878314344,20,1193.0,0.0376245594136703,9,452.0,0.4370799107385782,39,2570.0,0.1262839264830001,35,2343.0,0.1270491990638331,34,4181.0,0.1110938392609194,21,1646.0,0.1208985656847498,3,89.0,0.4412843546727388,0,0.0,0.922865918133345,0,0.0,1.0,0,117.0,0.6587556209650208,13,1144.0,0.1502343054618151,2,437.0,0.453482189095455,10,182.0,0.2111584764730016,26,1232.0,0.0939947457032823,36,3139.0,0.1472140190069928,34,1787.0,0.0758163024482624,1,17.0,0.6883099147134261,7,1279.0,0.1140037068429901,1,29.0,0.0,7,84.0,0.1855040427128844,12,330.0,0.0126157033387122,330,23359.0
835.0,0.2280000000000001,333,227.89,9.115600000000002,2.4668926925128107,7,310.0,0.1933450150635997,1,34.0,0.4486095417643521,0,0.0,1.0,17,578.0,0.0585127810363363,24,1308.0,0.036584748685594,6,440.0,0.5125785549671388,33,2459.0,0.1118687449405395,29,2114.0,0.1531570386094107,32,3965.0,0.1501029320916152,20,1744.0,0.1092720529547154,6,111.0,0.2840028013732161,0,0.0,0.2983712760548414,0,0.0,1.0,3,126.0,0.4887682255370373,19,1226.0,0.1127541057700209,5,456.0,0.3339846964990006,10,232.0,0.2441657949204099,26,1307.0,0.0643516140596496,37,2984.0,0.1149297796043525,33,1808.0,0.0862842868575404,1,22.0,0.7108483968456846,4,1060.0,0.1170831001897173,1,34.0,0.6168909196384331,6,103.0,0.2016358945611652,13,368.0,2.4536778166883494e-05,333,22789.0
840.0,0.2956000000000003,291,220.49999999999997,8.82,2.526469569801168,6,282.0,0.2600740371798173,0,0.0,0.4506034189202793,0,0.0,0.8042550429848196,18,547.0,0.0886891000569514,23,1293.0,0.0700778802266053,3,328.0,0.5075169959371484,29,2370.0,0.1037882043634928,22,1949.0,0.1978317079797573,27,3891.0,0.1422336739867188,18,1681.0,0.1239210821849902,3,56.0,0.3405077532688049,1,7.0,0.4674692440855221,0,2.0,0.5392590078910431,5,147.0,0.2867109957713221,23,1334.0,0.0564927995726338,8,450.0,0.2223666517427175,8,242.0,0.2346003632851401,22,1326.0,0.094686859581667,36,2907.0,0.0721983018963513,24,1820.0,0.1037344382571702,0,0.0,0.8609810178236136,3,961.0,0.1155794091352088,0,3.0,0.8785707640323454,2,88.0,0.4649313699989303,10,366.0,0.092422572957091,291,22050.0
845.0,-0.0520000000000004,304,221.8,8.872,2.5905947090579806,7,252.0,0.1234790414123312,1,5.0,0.4595251295516948,0,0.0,0.9327697777136634,18,633.0,0.1513809788382668,20,1093.0,0.1066814557976917,3,338.0,0.4459520254484873,32,2422.0,0.0938845920564043,21,1984.0,0.1556214377214024,28,3959.0,0.1764477060722593,17,1766.0,0.0889227129551467,5,54.0,0.4088377343987084,1,12.0,0.6455628312691264,0,2.0,0.7355823171845831,8,180.0,0.1706234403463102,30,1474.0,0.0732196551117737,11,497.0,0.1902892771733622,5,207.0,0.3281315439543014,24,1295.0,0.0896800665409029,40,2824.0,0.0364069223622815,21,1926.0,0.0925303793501568,1,1.0,0.6298153288680877,5,980.0,0.0840361312638803,0,3.0,0.8889115283941992,1,32.0,0.7290505057392843,5,241.0,0.2832763938544875,304,22180.0
850.0,-0.3463999999999998,331,230.46,9.2184,2.522820526675233,8,291.0,0.1269113355455886,1,10.0,0.4914012403248851,0,0.0,0.9410996563145834,18,719.0,0.1743045542840912,18,952.0,0.0909901874043517,8,370.0,0.324060093352198,33,2584.0,0.0927327342743092,23,2091.0,0.1045939094214587,29,4069.0,0.1770232558475289,21,1865.0,0.0890149460528637,5,79.0,0.3303366501746271,1,17.0,0.7878259135305223,0,2.0,0.8680971917616757,11,228.0,0.2002131857901013,32,1630.0,0.0701416652978576,14,558.0,0.1210697620341116,3,165.0,0.4310078480970103,26,1210.0,0.052889061616775,45,2954.0,0.0426135039762371,24,2035.0,0.0838824422133088,2,8.0,0.4086421819813464,7,1012.0,0.0770658180125028,0,3.0,0.8160929082591228,1,18.0,0.8127995580930643,1,176.0,0.4988662853610663,331,23046.0
855.0,-0.5164000000000002,365,243.36999999999995,9.7348,2.416222456001986,9,331.0,0.0918462343390087,2,15.0,0.2859633627804638,2,1.0,0.0007368284468044,19,809.0,0.0838740312001085,17,886.0,0.1531093381370992,11,422.0,0.3519714106377752,38,2762.0,0.077766852493488,25,2212.0,0.0652316168692823,27,4206.0,0.1815392145663316,24,1979.0,0.0622452998280762,5,104.0,0.3974845301059976,1,22.0,0.83034787798219,0,2.0,0.8804647874697542,14,292.0,0.1971877361668864,36,1797.0,0.0447943191716001,17,637.0,0.0778200731398704,3,125.0,0.4141976469011785,25,1205.0,0.0919026725088583,47,3188.0,0.0358061990293072,29,2164.0,0.0591263096303666,3,19.0,0.3264204307015824,9,1051.0,0.1124170357553329,0,3.0,0.9107749823568168,1,23.0,0.7516139902166135,1,82.0,0.71017210864483,365,24337.0
860.0,-0.6755999999999999,383,260.2599999999999,10.4104,1.956297185111944,8,371.0,0.1054596956551453,2,22.0,0.3041049654294124,2,7.0,0.0021214784192343,21,909.0,0.0640681376163189,10,871.0,0.2371338688085243,12,478.0,0.2244050191866269,44,2972.0,0.061551849798031,29,2348.0,0.0326953410418563,27,4341.0,0.1324441405855913,26,2107.0,0.0592207131827738,5,129.0,0.3372823361040251,1,27.0,0.7113422719253566,0,2.0,0.6215486016637523,16,367.0,0.0962459051717987,34,1966.0,0.0235546775343573,21,738.0,0.0165662432041258,4,142.0,0.3673187895517226,23,1260.0,0.1144133844114203,46,3420.0,0.038169613357004,35,2325.0,0.0596436867235872,5,38.0,0.0003199158986694,11,1102.0,0.0723336916350746,0,3.0,0.6422275130446152,1,28.0,0.7923291919113128,0,53.0,0.5837728142218616,383,26026.0
865.0,-0.2836000000000001,389,267.35,10.694,1.8088961370646268,8,411.0,0.1095343131970759,3,33.0,0.0001234332867662,2,17.0,0.0,19,864.0,0.0756782191545572,10,927.0,0.2385371331687905,12,312.0,0.0948172558806976,43,3075.0,0.0381679226696011,29,2487.0,0.0113818618588915,32,4493.0,0.1273771167271013,23,1938.0,0.0485011881417714,6,159.0,0.3196150795680145,3,39.0,0.5824284007858375,1,5.0,0.5970321728249787,18,453.0,0.051033168318236,32,1870.0,0.0714652934240306,21,833.0,0.0665428535679508,3,101.0,0.4331366694579346,21,1368.0,0.1116194430248312,45,3650.0,0.0373548341815561,34,2380.0,0.088224311994924,3,40.0,0.0,15,1171.0,0.0961629763333121,2,11.0,0.5688612028820953,1,33.0,0.5973082930597264,3,65.0,0.4709452686164477,389,26735.0
870.0,-0.5975999999999999,410,282.29,11.2916,1.5332150202556565,8,451.0,0.0138290673604065,3,48.0,0.0,2,27.0,0.0,18,884.0,0.0586325541810917,11,979.0,0.2435443088461772,10,259.0,0.1192508832145148,45,3301.0,0.0341060914224981,32,2644.0,0.0040274190556137,37,4665.0,0.1030862936821998,21,1910.0,0.0467836491575395,7,195.0,0.2966052746668354,5,61.0,0.4641025877973915,2,12.0,0.0157223851171713,19,545.0,4.518947335168799e-06,29,1894.0,0.0948095552019948,21,938.0,0.0761153030901298,4,92.0,0.4242462084465337,20,1473.0,0.1188727752410054,44,3872.0,0.0378681169097238,36,2503.0,0.0758469048511543,3,55.0,0.0,18,1254.0,0.1486065771399428,4,27.0,0.3050289630578386,5,51.0,0.406548550562017,6,89.0,0.3782048749025685,410,28229.0
875.0,-0.0963999999999999,356,284.70000000000005,11.388,2.159599941215514,4,230.0,0.1942114588395689,0,0.0,0.5532519775455089,0,0.0,0.5859527601762085,10,899.0,0.0986063104923193,10,963.0,0.2471299598358133,12,314.0,0.1813474083303459,43,3525.0,0.0705351511133755,36,2820.0,0.0843487074222751,37,4716.0,0.1226335944634249,11,1927.0,0.111290662683423,4,106.0,0.5105880459732357,2,24.0,0.339167747052421,0,1.0,0.5245866026242292,14,486.0,0.1683482415711932,23,1879.0,0.1560096583914636,14,766.0,0.2222921633193278,3,12.0,0.4591871136358641,20,1573.0,0.1048926188860285,44,4095.0,0.0679572337718467,32,2558.0,0.0540197905383555,0,16.0,0.6493448880812167,18,1345.0,0.2083951037214703,4,47.0,0.2891633366612279,7,44.0,0.2214656559378047,8,124.0,0.3370265812742862,356,28470.0
880.0,-0.4835999999999997,364,296.7899999999999,11.8716,2.284480639282136,0,120.0,0.6383614491623156,0,0.0,0.9516074264709882,0,0.0,1.0,12,948.0,0.0951510973192451,13,1022.0,0.1607399942402092,15,384.0,0.2040387190950615,44,3744.0,0.1037243377687057,37,3005.0,0.1243773424012647,40,4905.0,0.1051945494665618,13,1947.0,0.1171717092037695,3,57.0,0.6094511887911469,2,28.0,0.5162556316477368,0,0.0,1.0,9,377.0,0.1964106466951244,20,1986.0,0.1773630712763643,9,644.0,0.353353377725127,6,34.0,0.1185762555254576,19,1672.0,0.1152090589239376,43,4312.0,0.0907680593745226,36,2733.0,0.0178705562224765,0,1.0,0.8635570837482247,20,1440.0,0.1385882567521651,6,72.0,0.2366167051979107,9,84.0,0.0960322452995593,8,164.0,0.4087678270544743,364,29679.0
885.0,-0.564,388,310.89,12.4356,2.0859398921259444,0,5.0,0.843134635575962,0,0.0,0.8837974990773128,0,0.0,1.0,14,1012.0,0.0515350222884781,17,1099.0,0.0841126138453329,17,467.0,0.2430466333148007,45,3965.0,0.1233578373601735,37,3190.0,0.1285893169761864,40,5108.0,0.099537166074366,17,2024.0,0.1313320475386588,4,65.0,0.5715178521534593,2,38.0,0.4360257334528067,0,0.0,1.0,4,338.0,0.2723837532122763,22,2093.0,0.1506354091852691,5,531.0,0.3965310103480526,8,70.0,0.0913586542808113,21,1773.0,0.1152402816599095,41,4380.0,0.1257327524971705,45,2936.0,0.0200691661981168,0,1.0,0.560502812491887,21,1545.0,0.0522807698192728,7,103.0,0.119043438247871,12,141.0,0.0720889085958016,9,205.0,0.2807086492428159,388,31089.0
890.0,-0.7452000000000005,415,329.52,13.1808,1.559918747819922,1,1.0,0.03649140989527,0,0.0,1.0,0,0.0,1.0,17,1092.0,0.0490889219764172,20,1193.0,0.0398974848407519,17,552.0,0.2655358359860355,51,4210.0,0.1071597673139617,38,3376.0,0.0861468863002095,42,5313.0,0.0555805957990726,18,2112.0,0.103598115759048,4,85.0,0.2993008118071482,2,48.0,0.2864916435359667,0,0.0,1.0,2,320.0,0.2597255420002525,24,2208.0,0.0874753192359367,4,550.0,0.3084079617814927,9,115.0,0.1574118301773311,25,1889.0,0.0858284027724441,42,4586.0,0.0982974443347751,44,3039.0,0.0143553617352091,1,4.0,0.5378039293271489,23,1656.0,0.0142313964492065,7,138.0,0.1008475100421946,13,203.0,0.0674680852836661,11,262.0,0.1785072599278256,415,32952.0
895.0,0.2903999999999999,397,322.26000000000005,12.8904,1.6741352435218169,2,11.0,0.3105737738326293,0,0.0,0.9562078702081432,0,0.0,0.9372542290098984,18,1180.0,0.0695896380220775,23,1300.0,0.0731887119406858,14,524.0,0.2388563933267274,45,3889.0,0.1174306063337546,32,3109.0,0.1302511989991401,36,4980.0,0.0840012526451852,21,2211.0,0.1249258130749285,6,73.0,0.1264599556946419,2,58.0,0.0065019464014674,0,0.0,1.0,3,328.0,0.2576646458595981,27,2337.0,0.0514526403952034,6,574.0,0.162807895705687,9,160.0,0.2239696634433861,23,1874.0,0.0701366429695148,40,4420.0,0.0862924082721815,37,3003.0,0.040774317838044,1,9.0,0.545618931953641,20,1437.0,0.0836616684082265,7,164.0,0.2140489448239775,12,261.0,0.0681048795502827,13,324.0,0.0946775477402704,397,32226.0
900.0,0.2508000000000002,351,315.99,12.6396,1.980921555541496,1,10.0,0.5769026364118436,0,0.0,0.8413866850589427,0,0.0,0.9483407176845884,16,1078.0,0.0940938637134968,22,1304.0,0.0840412755056622,8,446.0,0.2988781955080123,39,3868.0,0.1139636810530562,26,3122.0,0.1835229529316386,29,4879.0,0.1200150886693612,21,2022.0,0.0640556489694741,6,78.0,0.2195076729031776,1,34.0,0.2938688210027991,0,2.0,0.635605038525955,6,352.0,0.1608134942629389,33,2493.0,0.0320675133037199,9,578.0,0.2072928735271728,6,176.0,0.4093812550549985,23,1830.0,0.0752349270288312,40,4307.0,0.0402915716657374,32,3015.0,0.0418172424441165,0,1.0,0.3336232289381924,14,1369.0,0.1255697940740888,2,89.0,0.5258724397001029,7,247.0,0.2580463142411011,10,299.0,0.1669198778563933,351,31599.0
905.0,0.1975999999999995,329,311.05,12.442,2.5351746133919977,1,15.0,0.4750533331259634,0,0.0,0.8861684604178544,0,0.0,0.870831613440724,16,1157.0,0.1304179875180032,17,1081.0,0.140468757613307,6,388.0,0.367844389028317,33,3536.0,0.1144225458933748,24,3082.0,0.172160473257964,26,4942.0,0.1534865534715467,19,2116.0,0.0815381620863927,7,100.0,0.1738812151141705,1,14.0,0.6534632507983827,0,2.0,0.971267970612741,10,394.0,0.1350356208201012,36,2671.0,0.05492904510378,12,631.0,0.1496065486020811,1,140.0,0.5533862626789205,25,1764.0,0.0619572074147216,43,4127.0,0.0353254071275321,30,3170.0,0.0240479338610596,2,6.0,0.3218971778216813,13,1436.0,0.2136726641025364,0,10.0,0.8514183986444397,3,162.0,0.5336394560612695,4,161.0,0.3609463837606321,329,31105.0
910.0,-0.3383999999999997,344,319.51000000000005,12.780400000000002,2.6068300256920818,1,20.0,0.388459918592664,0,0.0,0.6149718237612746,0,0.0,0.5729905642940353,19,1243.0,0.0806669423742098,14,971.0,0.1892461098140292,8,424.0,0.3899750922965847,35,3579.0,0.1136647706162165,25,3212.0,0.159821206323341,25,5011.0,0.1602725936752994,21,2214.0,0.0816313525687569,8,140.0,0.1937621794355122,1,19.0,0.7471387836556994,0,2.0,0.9355939186819322,13,454.0,0.1951639089822849,39,2860.0,0.0427998009676825,16,702.0,0.125130599841776,2,76.0,0.5980832242484632,23,1610.0,0.0709751405846838,46,4347.0,0.0416016376940138,31,3325.0,0.0292746323685211,2,16.0,0.3082344858485665,12,1494.0,0.199517375438089,1,13.0,0.7757096732769356,0,109.0,0.7283430283275906,2,110.0,0.4407769679764929,344,31951.0
915.0,-0.4452,359,330.6400000000001,13.2256,2.5174715887728287,2,26.0,0.1478908749365797,1,1.0,0.042374012459303,0,0.0,0.9523933923033976,20,1347.0,0.0624876809326801,9,851.0,0.2333733105195555,11,470.0,0.3223978347628184,37,3761.0,0.112250798804924,26,3342.0,0.1294828398406024,28,5094.0,0.118781394454762,22,2319.0,0.0593859926925183,8,180.0,0.167679802380102,1,24.0,0.7575226426616245,0,2.0,0.9567932382776336,13,519.0,0.2271963704098327,42,3068.0,0.023718061353189,19,790.0,0.159768009471916,2,43.0,0.6958835988943433,23,1470.0,0.0974205885345092,47,4580.0,0.0334295047943109,32,3482.0,0.0220328348690159,2,26.0,0.2824146591569994,10,1547.0,0.2183272052472257,1,18.0,0.7368399240711454,0,32.0,0.7995215145491342,3,72.0,0.5294389139830532,359,33064.0
920.0,-0.7568,406,349.56,13.982400000000002,2.008314568800808,3,40.0,1.4036512737705629e-05,2,9.0,2.5098811064761985e-05,0,0.0,0.4637585802653814,23,1454.0,0.0304449726065861,10,897.0,0.1735347818987865,16,541.0,0.1450530018466581,43,3966.0,0.0823015305629981,30,3483.0,0.1079896434530298,33,5248.0,0.077667260245098,24,2435.0,0.0241662323747444,8,220.0,0.1075213685861987,1,29.0,0.6862438142039512,0,2.0,0.5368690366558491,14,603.0,0.2239749306037846,47,3295.0,0.0270235364001466,20,890.0,0.2052660723402977,2,33.0,0.6436847433799492,22,1581.0,0.1224353296522427,49,4824.0,0.0266578593864223,38,3650.0,0.0270909903449929,2,36.0,0.0149576016967666,14,1607.0,0.1587379433310627,2,26.0,0.6548268184116173,0,8.0,0.6876489673192875,3,79.0,0.4431275161454417,406,34956.0
925.0,-0.308,422,357.2599999999999,14.2904,1.7365805178739044,3,55.0,0.2428532076339826,2,19.0,0.0,2,8.0,0.0003557564926993,22,1360.0,0.0526926888809252,10,945.0,0.154070084927654,17,546.0,0.0773031493959879,44,4048.0,0.068929446802718,30,3634.0,0.0481098851422542,38,5432.0,0.0577845193782726,22,2251.0,0.0453371999731263,9,262.0,0.1619029206041278,3,38.0,0.5219385569519293,1,5.0,0.0297301302830385,16,679.0,0.125180823200207,44,3203.0,0.0455681456821953,21,994.0,0.2255166717138087,5,51.0,0.5135083189990456,16,1586.0,0.1322636039291095,51,5078.0,0.0303094911277409,36,3666.0,0.0443935506547767,2,46.0,0.2699981085062758,17,1687.0,0.1016071418749964,2,13.0,0.5851130947845288,4,21.0,0.5248566233726345,5,99.0,0.1169929043994432,422,35726.0
930.0,-0.7504000000000002,451,376.02,15.0408,1.3630747529656704,4,74.0,0.14103742072125,2,29.0,0.2587626207080928,2,18.0,0.1976289013308158,17,1364.0,0.0589146374943089,11,994.0,0.1741566950446402,21,642.0,0.0274053550634788,48,4277.0,0.0534474630719427,34,3792.0,0.0291346267073752,43,5642.0,0.0754337650439898,18,2201.0,0.0604513958055208,9,308.0,0.1510399197010245,6,58.0,0.2080441427216543,2,15.0,4.126342419966291e-06,18,763.0,0.0111160557854986,41,3412.0,0.0846569961989476,21,1099.0,0.2208455179721005,9,83.0,0.2919610904863639,15,1667.0,0.1416254482426501,50,5328.0,0.0278078491623767,36,3773.0,0.0523427291652142,2,56.0,0.0495895552686918,24,1794.0,0.0035379177300406,4,28.0,0.44827045146672,6,46.0,0.3272140277716787,8,139.0,0.2967709346554474,451,37602.0
935.0,0.2940000000000002,397,368.67,14.7468,1.936518534279095,1,9.0,0.4611842844811866,0,0.0,0.224534289991764,0,0.0,0.9193922240080564,13,1404.0,0.1185175847873238,10,993.0,0.1273863983730272,24,756.0,0.0683499267528872,45,4504.0,0.0815050328027433,38,3976.0,0.0627294319446066,37,5066.0,0.1210984976555532,11,2204.0,0.1158125434856058,2,156.0,0.4521790036875934,2,26.0,0.5472908011578046,2,25.0,0.0,16,637.0,0.1075290061493029,38,3478.0,0.0785466991416196,13,876.0,0.3388697262303699,8,65.0,0.1363709420212114,14,1742.0,0.1487424046621948,44,5202.0,0.0650631163015997,37,3959.0,0.0417556358228853,1,4.0,0.5887046130831693,20,1548.0,0.0966437607586317,8,61.0,0.1720155983936598,9,90.0,0.374170431010693,4,86.0,0.3188793562788337,397,36867.0
940.0,-0.4771999999999996,391,380.6,15.224,1.9705032743546649,1,15.0,0.6127225179176247,0,0.0,1.0,0,0.0,0.9820568888205368,12,1461.0,0.1102308326426181,14,1039.0,0.0376462915242721,26,884.0,0.0856512765555378,43,4723.0,0.097374258626344,43,4180.0,0.0363195563107282,32,5079.0,0.1473889662742369,11,2232.0,0.148379217864518,1,57.0,0.6011521412590631,2,33.0,0.6860555184343714,2,35.0,0.0,11,571.0,0.3050945346974809,33,3649.0,0.0414605848501995,10,750.0,0.2918983027629214,12,118.0,0.0627454792414663,12,1810.0,0.1369135198924291,37,5287.0,0.107972127638505,43,4162.0,0.0509054489396524,1,9.0,0.5410730047840895,16,1635.0,0.0949423109524515,12,113.0,0.0625128891338224,12,145.0,0.2720126401606992,5,73.0,0.4006363717372012,391,38060.0
945.0,-0.3552000000000006,430,389.48,15.5792,1.9288986933868824,3,20.0,0.3338804559408044,1,0.0,0.0,1,0.0,0.4455624052495074,17,1530.0,0.1054966976503087,19,1118.0,0.0061485750045307,28,1019.0,0.1083207577612743,46,4945.0,0.0789353101664274,46,4403.0,0.0369685151194439,26,4999.0,0.1463735716573709,14,2289.0,0.137241809193881,2,19.0,0.6278112105891227,2,43.0,0.6125120540152258,2,45.0,0.0,7,420.0,0.3655095628817532,36,3820.0,0.0220205734718364,10,650.0,0.2200335398655281,14,187.0,0.0865977394394954,16,1883.0,0.1389396296751832,39,5282.0,0.126788256195133,45,4057.0,0.0353557470295692,3,14.0,0.5110616005143795,16,1713.0,0.0840917005001779,14,177.0,4.1013765922232906e-05,16,217.0,0.2980214358558423,7,98.0,0.3215794757795949,430,38948.0
950.0,-0.7283999999999997,425,407.69,16.3076,1.9164361739313955,1,25.0,0.7386389777072285,0,0.0,0.9731276928218012,0,0.0,0.9897843284471808,17,1607.0,0.1149362959198138,20,1214.0,0.077399909543063,29,1158.0,0.0628862040449122,51,5189.0,0.053634180816728,46,4633.0,0.0528352251774293,24,5064.0,0.1477786613042422,16,2364.0,0.136231911853102,1,24.0,0.4792137586695298,3,58.0,0.6079348805110227,2,55.0,0.0,6,389.0,0.30021382239522,34,3993.0,0.0232572928440205,9,549.0,0.2120257595954688,14,257.0,0.1561438486064798,20,1973.0,0.0676487208127638,39,5476.0,0.0902884061077638,45,4281.0,0.0198717901854619,1,19.0,0.7383684371537851,13,1782.0,0.0728519106006651,13,242.0,0.0635991404018449,15,292.0,0.3390928175074901,6,125.0,0.3108509568292386,425,40769.0
955.0,0.2480000000000002,415,401.49,16.0596,1.7732518424180683,1,30.0,0.69391760692464,0,0.0,0.9648602801902634,0,0.0,0.8462343432406443,18,1699.0,0.0893528634563367,21,1318.0,0.048611157321537,25,1096.0,0.1012377748554093,45,4750.0,0.0612283554122522,40,4586.0,0.0795525168357549,18,4665.0,0.1653637248223767,18,2453.0,0.1183402888140963,4,39.0,0.3416843495874374,3,73.0,0.4002138008418082,2,65.0,0.0,7,419.0,0.1981853846738844,34,4158.0,0.0269373329687267,11,594.0,0.166752335146812,14,328.0,0.1706562690792943,20,1853.0,0.0861217011973499,39,5226.0,0.062707475056298,43,4249.0,0.0318862590791957,2,25.0,0.6808415115885151,11,1679.0,0.0846231361986579,13,307.0,0.0699202011107052,18,376.0,0.2273171721831147,8,161.0,0.1049729194116327,415,40149.0
960.0,0.2432000000000003,367,395.41,15.816399999999998,1.998018944962982,0,2.0,0.4735310773163011,0,2.0,0.6318087592414611,0,0.0,0.4740033192585113,17,1681.0,0.080988325949248,21,1302.0,0.0639747355712597,18,1046.0,0.1724154034156541,37,4725.0,0.1157239557563144,31,4469.0,0.1617595435644508,15,4466.0,0.2105596620153706,18,2228.0,0.0733184714168547,4,31.0,0.1003931573736163,2,57.0,0.4031583468317956,0,37.0,0.5431640676640985,8,460.0,0.222711351927453,32,4324.0,0.0292263978238363,9,611.0,0.171763465329132,10,329.0,0.3111064569887455,22,1852.0,0.0962289298455752,42,5041.0,0.0487797526181008,41,4366.0,0.0253956348029667,2,10.0,0.4708310419786554,11,1702.0,0.1679250304935164,8,288.0,0.1836168911398602,14,385.0,0.26797512131486,5,127.0,0.1471943324692947,367,39541.0
965.0,0.3175999999999993,345,387.4699999999999,15.4988,2.481167538143421,2,7.0,0.1156565008441496,1,4.0,0.4301870963794204,1,5.0,0.4717403974982148,20,1777.0,0.0501232071445672,17,1272.0,0.1099931166499209,11,1021.0,0.266748607090726,33,4514.0,0.1305904266450655,25,4118.0,0.2048839163906674,17,4463.0,0.1905345260242668,18,2318.0,0.0575913378291775,5,52.0,0.2124133569303435,1,14.0,0.5146045505839703,0,4.0,0.8251217706351914,9,501.0,0.28240265941512,39,4506.0,0.0475778660116709,9,609.0,0.0529383830457044,5,275.0,0.4069505523064303,20,1729.0,0.1385954428733495,42,4755.0,0.0534760737097717,39,4564.0,0.0338326438344425,3,21.0,0.3407350928915072,9,1678.0,0.230227463221841,3,194.0,0.4360109713470466,14,295.0,0.2682135575499627,2,51.0,0.4239746221186253,345,38747.0
970.0,-0.2539999999999999,363,393.8200000000001,15.752800000000002,2.6761319279455376,3,22.0,0.2138357272086806,1,9.0,0.6829770499727338,1,10.0,0.6170221486312869,21,1881.0,0.0333052428973357,16,1350.0,0.0988488340865536,10,1020.0,0.2988589622547279,36,4682.0,0.1152947932209124,26,4179.0,0.1775073996731365,22,4502.0,0.1454400381812469,21,2416.0,0.052000907074235,5,77.0,0.2357909493736524,1,18.0,0.7149907964408235,0,4.0,0.8388804628192319,13,555.0,0.245269391528873,45,4720.0,0.0207671605640561,12,631.0,0.0475768903630172,1,221.0,0.478702145746497,19,1499.0,0.1379437381015001,41,4650.0,0.0748607690895058,39,4754.0,0.0215697205182726,5,43.0,0.1996419673295045,13,1675.0,0.276506265241266,0,138.0,0.7659725334583838,10,291.0,0.3861144366102989,2,35.0,0.4645948542743703,363,39382.0
975.0,-0.5496000000000002,388,407.56,16.3024,2.6887720965044823,3,37.0,0.3982519761273319,2,15.0,0.4551190677445252,1,15.0,0.5755295527845273,24,1998.0,0.0179053035463237,14,1423.0,0.1349735651733727,12,1070.0,0.2008966689492102,40,4874.0,0.1005705645716523,29,4268.0,0.1426538811410785,26,4625.0,0.1245258763962109,24,2529.0,0.0428051502528857,5,102.0,0.3294267739121307,1,23.0,0.7503341564911641,0,4.0,0.8679083284472807,15,622.0,0.1585657431579427,51,4963.0,0.0169519459940315,13,681.0,0.0713628453544727,2,169.0,0.6009889827427584,18,1383.0,0.1680850670043732,42,4860.0,0.0587410341635144,36,4938.0,0.0347804782217257,7,74.0,0.2042418466517158,14,1739.0,0.3221302620112621,0,55.0,0.8454160786774173,7,244.0,0.3988284030871019,2,45.0,0.518590399509487,388,40756.0
980.0,-0.7527999999999999,420,426.38,17.055200000000003,2.362685634539196,3,52.0,0.2469960634454668,2,25.0,0.438115438248758,1,20.0,0.6258113642543429,25,2120.0,0.0146542085875063,14,1492.0,0.0825588168863613,17,1141.0,0.1043847000472958,46,5096.0,0.0605501672803004,28,4410.0,0.1278438204398162,29,4765.0,0.1294650863146978,26,2651.0,0.0267825093106817,5,127.0,0.204274395458711,1,28.0,0.7970400486008924,0,4.0,0.7537384911909626,19,727.0,0.1148602066075566,55,5230.0,0.001510862030665,13,746.0,0.0418979855623426,4,184.0,0.5710672889991637,19,1372.0,0.2033162938010031,42,5071.0,0.0496998815164594,38,5120.0,0.0308443473697102,7,109.0,0.1953209268210315,17,1816.0,0.3276550860604543,1,29.0,0.8030728717962966,6,248.0,0.3662302707319396,2,55.0,0.5507231924801926,420,42638.0
985.0,-0.2108,432,431.65,17.266000000000002,2.101375817294436,1,24.0,0.3291906846452783,3,36.0,0.3254514681511188,2,29.0,0.4581108399386155,21,1983.0,0.0567071051415216,10,1296.0,0.1287078626996851,18,1164.0,0.1343642891921865,49,5181.0,0.0318639931058418,28,4552.0,0.083939922693359,33,4908.0,0.1245874851223587,22,2438.0,0.0590481956154462,6,157.0,0.3086659275140293,2,35.0,0.6177938090212844,2,11.0,0.7191505430913021,22,832.0,0.0647327791193665,55,5309.0,0.0207776186414561,14,813.0,3.4702126201613424e-05,3,134.0,0.485148658968338,18,1463.0,0.1973411330113391,45,5291.0,0.0431416861388314,36,5058.0,0.0268705732090735,7,144.0,0.1091644588427079,22,1916.0,0.2501130213515143,2,37.0,0.544202359034985,9,288.0,0.2567078167968711,2,66.0,0.5202718117868494,432,43165.0
990.0,-0.7343999999999999,471,450.00999999999993,18.0004,1.6123018932393625,2,34.0,0.2793300787180967,4,54.0,0.1745859234813243,3,42.0,0.2429417645203324,16,1953.0,0.078582205240362,11,1222.0,0.1112926756364236,23,1264.0,0.073065728797253,52,5433.0,0.0271393828641066,31,4702.0,0.0696584769235928,38,5086.0,0.1051634242000102,19,2379.0,0.1097136162135753,6,188.0,0.1862689273794397,4,51.0,0.4069287120109189,4,26.0,0.4479638903139549,28,962.0,0.0112552101560104,55,5583.0,0.0504843122982852,14,883.0,0.0,6,125.0,0.2806670695153902,17,1551.0,0.1241978889154774,46,5520.0,0.0409418783001252,39,5246.0,0.0324610453736482,8,184.0,0.096602661334724,24,2029.0,0.2011927364756579,5,57.0,0.314641520301966,12,344.0,0.2301835742732455,4,83.0,0.4559167174019158,471,45001.0
995.0,0.0163999999999997,418,449.5999999999999,17.984,1.9236501858113533,0,1.0,0.6202808442302642,2,21.0,0.1606958266026467,1,14.0,0.2387195274382115,14,2028.0,0.0808617492041009,9,1218.0,0.0969554054033916,27,1395.0,0.1006879678863496,46,5674.0,0.0524170534696755,31,4682.0,0.1134675829163706,34,5010.0,0.1376406642908791,14,2398.0,0.1722117596371023,1,58.0,0.423901112426983,2,19.0,0.4128653444270799,7,38.0,0.2373262826365155,26,898.0,0.0785695744994197,49,5669.0,0.0239156546224083,9,723.0,0.2210658506175271,5,86.0,0.2307600081385813,17,1503.0,0.127225066444818,40,5609.0,0.0756979447379102,42,5452.0,0.0434441150456035,3,109.0,0.413735751949294,21,1920.0,0.1727901342787303,7,87.0,0.2833569318744778,10,331.0,0.1898318847925723,1,17.0,0.7074980388316762,418,44960.0
1000.0,-0.4927999999999997,425,461.9199999999999,18.4768,1.8705092649809785,0,1.0,0.7446912173555331,2,31.0,0.2837946211122404,1,19.0,0.1273151744334815,15,2099.0,0.0515719126202048,12,1270.0,0.105843754171396,29,1538.0,0.1085026115199452,46,5909.0,0.0740115762224485,35,4850.0,0.1052369004740077,30,5026.0,0.1341824700451506,11,2404.0,0.1603220526940031,1,29.0,0.4872251931272011,2,30.0,0.6362797041521854,12,85.0,0.1279581698762594,21,797.0,0.122879487292405,47,5906.0,0.0189837311574972,4,471.0,0.3768738710895953,9,121.0,0.1157079350374374,16,1588.0,0.124648302334032,36,5799.0,0.0964646810854912,43,5662.0,0.0301824057911233,2,44.0,0.6447353853764293,24,2031.0,0.0643885433447515,9,128.0,0.1903395185716998,16,340.0,0.1673397810044606,2,14.0,0.4719500128710095,425,46192.0
1005.0,-0.3788000000000002,444,471.38999999999993,18.8556,2.2253608293539906,0,1.0,0.9238319058219664,2,41.0,0.5602474090351727,1,24.0,0.5514849122152982,17,2186.0,0.091113404875285,11,1326.0,0.1547710756940011,30,1684.0,0.0302079730334828,48,6145.0,0.09927567564749,36,5025.0,0.1062266370844749,30,4968.0,0.1548691618614697,12,2461.0,0.1751522737787245,3,41.0,0.4492361264597506,2,40.0,0.6291016446601561,12,145.0,0.1320931988255716,19,722.0,0.1197686981400254,45,6140.0,0.0133793803206644,1,331.0,0.5502718446275984,15,189.0,0.1565600966175646,19,1677.0,0.1177623246076344,37,5731.0,0.1006464492081876,44,5464.0,0.05785408445281,2,32.0,0.6566840194305181,25,2157.0,0.0610835126259117,11,179.0,0.2459962388568238,19,403.0,0.1828497863725454,3,27.0,0.5908203287039946,444,47139.0
1010.0,-0.8447999999999997,471,492.5100000000001,19.7004,1.8112444190389068,0,1.0,0.736001693359288,2,51.0,0.5317254185291083,1,29.0,0.3443683089194973,20,2285.0,0.0824453603890178,13,1388.0,0.0890906626708884,33,1844.0,0.0058199727631029,52,6397.0,0.0780824312793764,39,5216.0,0.0663755971277439,26,5043.0,0.1811594675123941,19,2537.0,0.1449533814677192,3,56.0,0.1683152167539354,2,50.0,0.6261586682999474,12,205.0,0.1346243874812203,18,761.0,0.1320874652940308,48,6373.0,0.0135732856087162,2,269.0,0.5430522945398675,15,264.0,0.1486750632199285,23,1784.0,0.0783946766221698,37,5912.0,0.0565250940911647,45,5687.0,0.0301365923654851,3,43.0,0.6084184944669264,24,2280.0,0.0582944673289709,12,236.0,0.1820348210094832,19,498.0,0.1884957499735818,3,42.0,0.4647143100625144,471,49251.0
1015.0,0.3255999999999994,464,484.37,19.374800000000004,1.798873274848534,2,10.0,0.591954235433092,0,0.0,0.8742219998962141,2,39.0,0.454745804876454,18,2268.0,0.0895742670826655,16,1463.0,0.0742724039867824,29,1718.0,0.0648974876964775,46,6043.0,0.1091283078336373,38,5228.0,0.0919700263147905,23,4608.0,0.2180603216802037,21,2635.0,0.0972795261927117,3,45.0,0.2815314211978198,2,60.0,0.4523889605613802,9,235.0,0.1364960905404056,18,853.0,0.1383705034977694,46,6603.0,0.0126002941247849,5,286.0,0.3129719683692968,12,300.0,0.1543935225892202,27,1910.0,0.0457441345477776,41,5613.0,0.0389155535777762,45,5570.0,0.0161061151804397,3,58.0,0.5339034971340021,20,1982.0,0.0725327380180521,12,296.0,0.222493315015736,20,548.0,0.0834830017187129,6,66.0,0.117237051463944,464,48437.0
1020.0,0.2880000000000006,411,477.17,19.0868,2.0256169423786345,1,12.0,0.6254968625525004,1,4.0,0.437028110045683,1,10.0,0.5935834409672985,16,2218.0,0.0718849941467069,18,1378.0,0.1208355172364876,18,1647.0,0.1957644360634508,36,5744.0,0.1171837375257127,31,5116.0,0.1631872047029588,21,4447.0,0.1620199115905863,21,2398.0,0.0974950167724861,1,18.0,0.3948447004422706,2,39.0,0.1780775041152687,9,247.0,0.0962747194601027,17,911.0,0.1788804040707677,44,6829.0,0.0303835352920245,7,285.0,0.3587087236787907,8,256.0,0.2307919859991017,23,1895.0,0.0778791173077253,42,5626.0,0.0299389210056236,44,5686.0,0.0410917611006583,0,16.0,0.5966937010616145,17,2022.0,0.124865157917013,11,296.0,0.2646864892286138,17,546.0,0.1216389702849146,5,71.0,0.1514458255401793,411,47717.0
1025.0,0.3423999999999996,397,468.61,18.7444,2.3462724952811724,5,23.0,0.3439080843169145,2,12.0,0.2899101746995333,2,16.0,0.3330922575093585,18,2305.0,0.0392333332588896,17,1463.0,0.086865791203965,16,1616.0,0.2712549864833045,33,5307.0,0.1252629252447356,26,4696.0,0.1434302710795437,23,4551.0,0.1422023592473726,23,2507.0,0.1143600823915699,2,16.0,0.3230790102116408,2,17.0,0.5565200777254455,5,197.0,0.3359918248524385,16,961.0,0.2299476480368017,46,7047.0,0.0740888557601219,8,306.0,0.3610325095645998,4,154.0,0.4294873155781222,24,1777.0,0.1199053028856809,40,5263.0,0.0300866821779821,41,5893.0,0.0245351920393194,5,17.0,0.1995655441921632,16,2034.0,0.1944886499990533,7,231.0,0.3828124782068223,13,407.0,0.2003096756339595,3,45.0,0.2799791268067697,397,46861.0
1030.0,-0.2787999999999998,386,475.58,19.0232,2.683104005719989,4,43.0,0.4444675106852193,2,22.0,0.3087755895894901,2,26.0,0.2791930867061784,19,2399.0,0.0256996371720827,19,1554.0,0.0800750949417149,15,1691.0,0.2955953530349898,30,5150.0,0.1478011138690306,26,4768.0,0.1395061613667023,27,4683.0,0.1325007840484624,25,2631.0,0.0757684878102831,1,21.0,0.4264048803343794,2,27.0,0.7092786279439072,4,164.0,0.5705588400411988,14,1033.0,0.2731897293874717,48,7284.0,0.0474711930969817,9,347.0,0.3683236542800751,3,146.0,0.5802800408627504,23,1563.0,0.1254728667461856,38,5268.0,0.0487296572163377,40,6090.0,0.0237076708973584,6,45.0,0.2958626708552804,14,2043.0,0.2727897967139133,3,191.0,0.5660380283612328,8,320.0,0.3703230665402752,4,49.0,0.3541626322100066,386,47558.0
1035.0,-0.5220000000000002,398,488.63000000000005,19.5452,2.7517583490197794,4,63.0,0.2556593961985184,2,32.0,0.3071346826119047,2,36.0,0.3278129249999359,22,2502.0,0.0153557408300567,17,1640.0,0.0530178094642072,16,1766.0,0.2623239131318328,38,5321.0,0.1279817986754034,30,4883.0,0.1112954293552883,27,4777.0,0.1544446576298592,27,2759.0,0.0740374839324213,1,26.0,0.0,2,37.0,0.7414098190993473,4,106.0,0.5501952852120157,15,1102.0,0.3054191389455168,57,7550.0,0.0423665658581025,9,392.0,0.3625388790115924,3,114.0,0.6495328127714957,22,1462.0,0.1576979024682031,38,5456.0,0.054209923640407,35,6274.0,0.0231926614172512,6,75.0,0.3682050496831203,13,2024.0,0.3121604335119667,1,116.0,0.6128696852801897,4,286.0,0.462433696199732,3,64.0,0.3961354190081081,398,48863.0
1040.0,-0.7456000000000003,419,507.27,20.2908,2.6054027349511197,5,88.0,0.2157687439614372,2,42.0,0.4797523670228868,2,46.0,0.0,23,2618.0,0.0141853470932065,19,1731.0,0.0158223675925682,15,1861.0,0.2424720052755357,45,5527.0,0.1050649557665265,30,5034.0,0.1090829261876374,28,4871.0,0.0882774334082181,29,2900.0,0.0718461566429613,1,31.0,0.4532186358274944,2,47.0,0.7584611699561027,4,145.0,0.5628949924106927,18,1189.0,0.237212499211765,62,7848.0,0.0351205838325583,10,438.0,0.2982380709128778,3,127.0,0.6461397339974471,18,1459.0,0.1872814620655635,39,5651.0,0.05344854314001,36,6453.0,0.0206747707069277,7,110.0,0.4144500591439605,15,2069.0,0.3253731988827942,1,96.0,0.5487947466444347,2,267.0,0.380650367034608,3,79.0,0.440904165616641,419,50727.0
1045.0,-0.3043999999999991,446,514.8800000000001,20.59520000000001,2.0645678071650626,4,73.0,0.1391876670373851,3,54.0,0.2503113849957026,2,56.0,0.0,18,2427.0,0.0332266790436973,12,1516.0,0.0545029351133754,18,1945.0,0.1868776877731219,49,5608.0,0.0602445118121062,30,5182.0,0.0306450504935004,29,4970.0,0.0918754683841282,30,2873.0,0.0852831685423392,1,36.0,0.4979482903627211,3,58.0,0.63573536300103,4,165.0,0.525291424270974,23,1294.0,0.2033576673373612,63,7927.0,0.0265531400085252,13,494.0,0.1253161108632579,6,148.0,0.5938904194280746,18,1551.0,0.1632960321642804,42,5855.0,0.0422537879334519,36,6505.0,0.0263747502615946,6,117.0,0.430774608209222,21,2140.0,0.2051650816949067,6,115.0,0.3205282885620238,5,285.0,0.3139814635462409,4,94.0,0.3655506449322904,446,51488.0
1050.0,-0.8452000000000004,499,536.01,21.4404,1.4872945238009447,6,99.0,0.0680508021267249,3,69.0,0.2371821596813262,2,66.0,0.0803635991663261,14,2358.0,0.073849488438425,10,1430.0,0.1000262845316824,24,2056.0,0.073755388713475,49,5850.0,0.0434040110908914,35,5345.0,0.0235401796191055,34,5117.0,0.0948144041590636,28,3018.0,0.1134205209099984,1,41.0,0.4109204924428208,8,86.0,0.3899690986111464,6,190.0,0.2013255026197107,28,1421.0,0.1319757238042042,63,8244.0,0.0201992529736696,16,567.0,0.0660178485340931,11,189.0,0.3913621441940438,20,1646.0,0.1224320905016691,44,6073.0,0.0333106388728883,39,6725.0,0.0352188921301256,7,151.0,0.3369050122034084,28,2267.0,0.1008034995093383,9,154.0,0.2278524651893116,10,325.0,0.2455187834894346,4,114.0,0.4334885064686931,499,53601.0
1055.0,0.4076000000000004,476,525.8200000000002,21.0328,1.7847379020468477,5,57.0,0.3689148490061978,1,14.0,0.5319127906677198,0,0.0,0.9168167051450276,12,2419.0,0.0838074238753572,11,1445.0,0.0980875768907356,31,2198.0,0.0734296020014679,48,6094.0,0.0668764407825941,34,4981.0,0.0662827309406695,33,5094.0,0.0841709247317121,23,3025.0,0.1233687000533656,1,3.0,0.5805596851127135,6,51.0,0.2512661492640742,5,80.0,0.3511431515097735,29,1280.0,0.0703369889370314,58,8346.0,0.0355045351142707,9,381.0,0.2212691026979838,12,155.0,0.3756564107929835,19,1743.0,0.1848263951722314,48,6304.0,0.0655878636449668,38,6438.0,0.0374223501198979,3,116.0,0.5257974219764123,23,1758.0,0.1118640956694327,13,209.0,0.0728194027807281,12,347.0,0.1281401362018552,2,44.0,0.4210177098358816,476,52582.0
1060.0,-0.470400000000001,482,537.58,21.503200000000003,1.6527320939308376,5,83.0,0.3922736001184743,2,22.0,0.3346165346413243,0,0.0,0.9406424585181998,16,2494.0,0.0695829425920688,14,1506.0,0.0975065506648971,36,2372.0,0.0303677196944933,46,6324.0,0.0931414127972457,32,4814.0,0.0904599840098761,29,5004.0,0.121303484718035,17,3077.0,0.1423401282889946,1,8.0,0.3539436362635035,7,69.0,0.3016899622878383,7,110.0,0.3842885873130446,30,1276.0,0.0589943492854835,54,8620.0,0.0243344121202172,6,269.0,0.2617283208474545,14,208.0,0.2280612293761953,18,1836.0,0.202099483603859,51,6556.0,0.0392706366424632,34,6401.0,0.0337835919742063,3,76.0,0.3656935652606857,23,1871.0,0.0808496281855091,15,279.0,0.0038825729912442,17,422.0,0.0948816419021343,5,61.0,0.1500964197090753,482,53758.0
1065.0,-0.5307999999999994,516,550.8500000000001,22.034,1.6836243900331462,5,108.0,0.4180301002086117,3,37.0,0.3157249305958541,0,0.0,0.9865534607629028,19,2582.0,0.0675373720161778,14,1577.0,0.1231776750880172,41,2564.0,0.0367877591428646,49,6563.0,0.1149811809908608,30,4555.0,0.1159461138822555,28,5144.0,0.1312822925921461,18,3096.0,0.1035013795954656,2,17.0,0.4500999784903161,7,104.0,0.2017806804014832,8,148.0,0.4140854836415163,32,1357.0,0.0554175443965242,53,8894.0,0.0109894737081094,7,234.0,0.3475432923936838,19,293.0,0.1662262058627006,21,1936.0,0.1895665040229109,53,6479.0,0.0388077883523257,36,6364.0,0.0507963250974472,6,83.0,0.266925419028333,22,1982.0,0.0466183495629288,18,364.0,0.0002365490607348,19,513.0,0.0790759495876915,6,91.0,0.2172905096400414,516,55085.0
1070.0,-0.9220000000000004,541,573.9000000000001,22.956000000000003,1.290115659437539,6,135.0,0.1801325211237552,3,52.0,0.323216135590995,0,0.0,0.1628886251580211,18,2675.0,0.0401717686630229,15,1650.0,0.0746866936161512,45,2780.0,0.0002049731172456,53,6819.0,0.067912198970802,30,4585.0,0.1267814277801429,31,5291.0,0.1331264071752801,20,3167.0,0.0686227901397247,2,27.0,0.2271981901173618,8,143.0,0.1074837654032604,9,191.0,0.4380831591415024,31,1513.0,0.0602732330286732,54,9165.0,0.0109175806070857,7,233.0,0.2903333634932745,22,394.0,0.0984262593586662,25,2054.0,0.129516244340647,55,6581.0,0.0360817353062543,35,6544.0,0.0396695386407918,8,119.0,0.1698775726919505,20,2087.0,0.0462546556854001,18,454.0,7.296767374606297e-07,20,610.0,0.1100042254842568,6,121.0,0.1423442004481993,541,57390.0
1075.0,-0.1055999999999998,534,576.54,23.0616,1.40086649138349,8,174.0,0.1250884797714865,2,50.0,0.4175523429879495,0,0.0,0.8945945425504384,16,2658.0,0.0970423180608337,19,1741.0,0.0856750736076489,40,2683.0,0.05717165338621,50,6315.0,0.0825115014365248,30,4637.0,0.0998415631274605,29,4809.0,0.1200272924615125,26,3284.0,0.0206273011531087,3,40.0,0.2890158497382092,5,135.0,0.2135291940364627,6,181.0,0.4296722946422394,30,1661.0,0.0806995249881506,53,9407.0,0.0109377661846769,10,280.0,0.221261521250948,19,464.0,0.0311280912695684,28,2188.0,0.0616589675807973,57,6862.0,0.0301041297848903,38,6729.0,0.0405700303991104,9,162.0,0.2244619621978343,17,1977.0,0.093987444363886,16,490.0,0.1532332980879925,19,634.0,0.1699536626269485,4,93.0,0.1381821356532824,534,57654.0
1080.0,0.3827999999999997,460,566.9700000000001,22.67880000000001,1.921339349269626,3,135.0,0.2958120284410366,0,19.0,0.1261275734411586,0,0.0,0.841166943540022,16,2571.0,0.0778231703556639,17,1634.0,0.1037084964740885,29,2640.0,0.1375384449314586,42,5946.0,0.0977491315383721,28,4477.0,0.1815820370366692,26,4640.0,0.1469698978589357,27,3211.0,0.0326350135999242,1,28.0,0.1406774909284034,4,127.0,0.2279818475977956,7,186.0,0.3991016242127335,26,1767.0,0.1105605701445521,48,9665.0,0.0328208656989124,6,256.0,0.4062735943135864,12,385.0,0.1697294732983094,27,2035.0,0.0727642276990439,56,6921.0,0.0619417207786625,37,6770.0,0.0452748053268783,4,117.0,0.3769029872274571,15,2001.0,0.1441743333114154,13,469.0,0.2382250659174422,15,638.0,0.2457775023546167,1,59.0,0.3777812961335211,460,56697.0
1085.0,0.9580000000000004,399,543.0200000000002,21.7208,2.865593313123429,2,60.0,0.4435307667531331,0,0.0,0.8915623516055351,0,0.0,0.8056329793848737,17,2653.0,0.0586862585062498,18,1723.0,0.1057790483544021,22,2633.0,0.1890827920117122,34,5677.0,0.146103269610549,24,3685.0,0.1877257554242563,24,4769.0,0.2310862881058653,26,2962.0,0.0785156034155515,2,7.0,0.4226635338499857,2,50.0,0.593104499735708,7,131.0,0.3628261702497097,19,1791.0,0.1788253372100539,47,9861.0,0.0647784472417572,6,193.0,0.5344377927324446,6,272.0,0.4005317563498959,22,1729.0,0.2095740885060204,51,6525.0,0.0918444356446787,31,6655.0,0.0707412756827634,4,96.0,0.4553861356998566,13,1932.0,0.2314519459600675,9,363.0,0.3585334007462527,12,510.0,0.23976561360828,1,25.0,0.5957496192836876,399,54302.0
1090.0,0.0596000000000001,391,541.5299999999999,21.6612,3.0573392523391525,4,65.0,0.5131081225364414,0,0.0,0.9957740747124204,0,0.0,0.9323628736663422,20,2745.0,0.053591416367013,18,1817.0,0.1129951389524752,22,2683.0,0.2086989411908232,35,5618.0,0.136165274766368,23,3537.0,0.2084146171587497,28,4897.0,0.1852253214931533,28,3096.0,0.0642654018917741,1,12.0,0.6419030898289704,2,34.0,0.6298202614577997,10,146.0,0.3044104689592569,18,1828.0,0.2392044256959615,48,10096.0,0.1111485650930572,7,222.0,0.5271079282366284,6,209.0,0.511943781632822,20,1487.0,0.2390414337916239,46,6334.0,0.1462725860214623,27,6550.0,0.1175004887029553,5,102.0,0.4823098988883239,9,1916.0,0.2606212338200714,5,289.0,0.4290796422278406,8,440.0,0.2636985979979257,1,30.0,0.5040897776966113,391,54153.0
1095.0,-0.3032000000000004,398,549.1100000000001,21.9644,3.1798021449284004,4,85.0,0.4909382975539756,0,0.0,0.9253466319188904,0,0.0,0.954851222070486,18,2841.0,0.0143334620047499,16,1904.0,0.1335146811731001,26,2805.0,0.1473785567998475,41,5807.0,0.1251844758280179,20,3643.0,0.212060391984824,31,4962.0,0.1679699690754299,29,3235.0,0.0601670913568111,1,17.0,0.6647960286291553,2,44.0,0.7554181004994369,12,203.0,0.3136986169465898,18,1842.0,0.1998166915444607,53,10352.0,0.135033640642299,7,257.0,0.5588330588193388,7,217.0,0.5370476745753097,19,1365.0,0.2724862851496547,41,6124.0,0.1624698368246862,22,6562.0,0.1384777578538248,7,134.0,0.3841432663554975,13,1912.0,0.3218446807591047,2,244.0,0.5248572867856649,7,319.0,0.3042335850364759,2,37.0,0.2796434339496457,398,54911.0
1100.0,-0.6631999999999997,423,565.6900000000002,22.6276,2.9053061719431645,4,105.0,0.507575903257557,0,0.0,0.9415889673508564,1,1.0,0.4404218740445575,17,2929.0,0.04291059509051,19,1992.0,0.1015789988974594,28,2945.0,0.0909924343990853,49,6034.0,0.1162883947874847,19,3740.0,0.1717983349896804,32,5033.0,0.1016624702217367,30,3383.0,0.056248705772385,1,22.0,0.6839191457410744,2,54.0,0.6420842379753028,13,266.0,0.2201367928468039,22,1946.0,0.1551703700309267,58,10638.0,0.1492053878104091,9,296.0,0.4470243104656361,7,202.0,0.5891764075943872,17,1346.0,0.2659319675782696,40,6329.0,0.1379964934505364,22,6597.0,0.1470791532069579,8,174.0,0.3761190948352712,17,1960.0,0.3112836751809661,2,222.0,0.435205308496568,4,308.0,0.3369767894606167,2,47.0,0.3004523583550159,423,56569.0
1105.0,0.1364000000000001,428,562.28,22.491200000000003,2.489189122161139,1,54.0,0.4325180368650275,0,0.0,0.63463755003161,1,6.0,0.4828745121087017,12,2649.0,0.0845441232197052,15,1747.0,0.1365583240915732,25,2999.0,0.0859713449221004,46,5759.0,0.104126778647383,20,3844.0,0.1003235200569758,30,5096.0,0.0712382952891237,30,3156.0,0.074808203234214,2,29.0,0.5959226840977454,3,69.0,0.5151551889540898,14,336.0,0.1280271769696679,28,2102.0,0.1280460116446248,64,10383.0,0.1429021325691504,7,244.0,0.4444219629939742,9,243.0,0.4958184686151478,15,1425.0,0.2482502345781574,40,6523.0,0.1143213451904887,28,6721.0,0.1295034377140065,5,156.0,0.3120299405259576,20,2055.0,0.1909721012308015,5,241.0,0.2816701969342617,6,334.0,0.2348980165661465,2,57.0,0.2558681344650019,428,56228.0
1110.0,-0.5800000000000004,477,576.78,23.0712,1.705259606172668,5,70.0,0.0502450178994092,2,5.0,0.2831563513992726,1,11.0,0.4569457242467449,8,2528.0,0.109671746446276,11,1661.0,0.1642746879496688,24,3079.0,0.0552309381648605,46,5986.0,0.0671454375326166,23,3955.0,0.0578562790491928,30,5228.0,0.0980523463514447,24,3105.0,0.1203671403363071,5,46.0,0.2860736521049318,6,94.0,0.401897386155045,16,413.0,0.0189359389064135,33,2257.0,0.0387303390218811,65,10437.0,0.1053154875788913,9,282.0,0.2586177558962369,16,305.0,0.2852403039262685,16,1500.0,0.1713860868126517,44,6736.0,0.0861799751286461,36,6886.0,0.0961792736644415,11,196.0,0.226914544573932,24,2169.0,0.0979502157726465,9,279.0,0.2206126758917995,10,379.0,0.0675478599660252,3,71.0,0.211028391630706,477,57678.0
1115.0,0.4868000000000005,469,564.6099999999999,22.5844,1.873745272599834,7,61.0,0.1222611336706013,2,15.0,0.0359769062084306,1,16.0,0.5748934622386417,10,2573.0,0.099052097566233,12,1680.0,0.1170022101455926,27,3204.0,0.0719082700511796,42,6073.0,0.0786741699678695,21,3801.0,0.0796331223995821,33,5257.0,0.1040046319976011,18,3094.0,0.1551565730606956,2,22.0,0.5842594410505996,5,34.0,0.3703052993753338,13,328.0,0.1452191200215498,34,2082.0,0.0570475887184897,64,10522.0,0.0712903563758661,8,104.0,0.2681476992299508,20,395.0,0.1815677785646031,17,1583.0,0.2008161593599417,44,6386.0,0.1002367493112314,36,6560.0,0.1129184943377539,9,178.0,0.357054901789358,21,1877.0,0.0868590345995181,11,242.0,0.1711570032342532,11,365.0,0.1726097425667053,1,9.0,0.6403315250975455,469,56461.0
1120.0,-0.1924000000000006,501,569.42,22.7768,1.8194371371766256,8,98.0,0.0945987174035292,3,29.0,1.294605490563946e-05,1,21.0,0.4144773684040085,12,2632.0,0.051134176160204,16,1751.0,0.0474143832573025,34,3364.0,0.0892039561764433,41,6280.0,0.0824220282770198,27,3675.0,0.0662061207697066,34,5428.0,0.1281604884639539,13,3085.0,0.1783786765805166,2,30.0,0.5647052900387544,7,66.0,0.3409425679050011,10,381.0,0.2134128254092357,32,2243.0,0.0724218415547697,67,10848.0,0.0495623721500382,9,92.0,0.29648931397174,25,511.0,0.1191811334129449,18,1671.0,0.1998728741495091,45,6289.0,0.1051180063239163,39,6025.0,0.067406491594197,11,229.0,0.2941373836746416,19,1448.0,0.1122003828331382,14,305.0,0.1028311063345907,12,426.0,0.2201583140490619,2,15.0,0.5107290387660971,501,56942.0
1125.0,-0.6707999999999995,529,586.19,23.4476,1.8107926486507544,8,138.0,0.1877617026996591,3,44.0,0.0,1,26.0,0.4662888976456543,13,2696.0,0.052310254210739,16,1831.0,0.0457697868709802,40,3553.0,0.0916571796262872,43,6492.0,0.0631668437606492,29,3814.0,0.063889123379565,36,5604.0,0.1048745844162343,12,3074.0,0.137010956019978,3,44.0,0.6340023578132145,8,104.0,0.094064330113325,12,435.0,0.2059614581799649,32,2406.0,0.0672536842010518,66,11188.0,0.049558416705999,11,143.0,0.2537337599662236,27,642.0,0.1150723361184008,21,1773.0,0.2217415027786335,47,6214.0,0.11958540619835,40,5988.0,0.0808284287354589,12,285.0,0.2975266461094895,17,1227.0,0.173303588739987,18,387.0,0.0991526268351446,12,486.0,0.3149611278230447,2,25.0,0.6305395195953597,529,58619.0
1130.0,-0.8624000000000003,552,607.75,24.31,1.5825606261970795,8,178.0,0.0733559780431924,3,59.0,0.0,1,31.0,0.4680976635708626,14,2762.0,0.0496005092919024,16,1911.0,0.0426800801388362,43,3760.0,0.0755108483604076,47,6720.0,0.0405910347708948,29,3959.0,0.0394242139658385,41,5798.0,0.1257391977970544,16,3113.0,0.1296224245238446,3,59.0,0.5743997357498175,9,148.0,0.0007339985930895,14,502.0,0.1972617700266278,31,2568.0,0.0697960673922291,66,11523.0,0.0403403039122712,11,198.0,0.1899948058579893,28,778.0,0.0991429994100571,26,1893.0,0.1642944523482047,49,6308.0,0.1034522669573125,38,5950.0,0.0868950330303275,12,345.0,0.2789710205038891,14,1153.0,0.1911751436963992,19,478.0,0.001397048148673,12,546.0,0.3224463946486938,2,35.0,0.5507473798270838,552,60775.0
1135.0,-0.1967999999999998,552,612.6700000000001,24.5068,1.5554893163965138,9,199.0,0.1302458397549399,1,19.0,0.4186486021748395,1,36.0,0.5819533096089528,17,2827.0,0.029866679146715,19,1999.0,0.0918918393142759,42,3584.0,0.1068936437409395,42,6145.0,0.076346328206396,29,4056.0,0.0819395326613846,38,5273.0,0.1128293534817961,20,3208.0,0.0706826156880043,4,75.0,0.4799934478027864,5,136.0,0.0630540180904586,12,475.0,0.1906647480009839,31,2723.0,0.0689327728289268,63,11816.0,0.0215491850921519,12,257.0,0.2337607180177126,23,841.0,0.1343378572687343,28,2030.0,0.1033663764002834,52,6559.0,0.0704338407008673,37,6133.0,0.103203083193389,13,408.0,0.0991937353230694,18,1232.0,0.1257451692349422,20,578.0,5.399084984201478e-06,12,606.0,0.2993032248404354,4,52.0,0.3707876239512568,552,61267.0
1140.0,0.6175999999999997,458,597.2300000000001,23.8892,1.827811237207132,3,156.0,0.26591425872997,0,2.0,0.9095128373216445,1,4.0,0.5442922295401044,16,2543.0,0.0567520719977008,17,1853.0,0.0727209952590705,33,3488.0,0.1360328932080636,32,5732.0,0.1209463584149252,23,3846.0,0.2021728420483445,30,4975.0,0.0997540868373477,22,2919.0,0.051938429223996,2,62.0,0.4888203668155112,2,120.0,0.2365608477924457,8,491.0,0.2372519698010462,28,2841.0,0.0712519617913298,56,12126.0,0.0276455629228302,6,244.0,0.3448434295592785,17,852.0,0.118138832692235,27,2027.0,0.1354871091818981,48,6491.0,0.0865231591659421,32,6152.0,0.0918857567177293,12,376.0,0.1087564002662852,17,1259.0,0.0904300925692482,16,570.0,0.061589515229545,9,557.0,0.2793382526196124,1,37.0,0.4258013670506316,458,59723.0
1145.0,0.5776000000000002,424,582.7900000000002,23.3116,2.4611628450442367,4,119.0,0.2396924637423473,1,2.0,0.7425522385429818,2,9.0,0.4564160437068686,17,2622.0,0.076556220841964,20,1918.0,0.0467472468906758,32,3582.0,0.1310628203637187,29,5442.0,0.1391006951393483,15,2924.0,0.2731824486261933,26,5117.0,0.1290132950638837,23,3002.0,0.1268537467189124,4,26.0,0.4687344590487146,3,41.0,0.4397536421651105,5,445.0,0.3848247537614626,28,2979.0,0.1087137773792444,56,12318.0,0.0373696153009671,3,166.0,0.4657133797855408,12,791.0,0.2957320108420815,23,1712.0,0.2003707049562272,44,6719.0,0.102439230007595,30,6046.0,0.1365981526344241,6,232.0,0.1497269298040325,16,1212.0,0.2349292660694319,12,444.0,0.2196625886444262,9,394.0,0.214218950745729,4,17.0,0.312463839896116,424,58279.0
1150.0,0.1104000000000002,419,580.0300000000001,23.2012,2.931313132299438,1,94.0,0.6213735629480217,0,2.0,0.9064319091661972,1,14.0,0.4706045674644527,15,2699.0,0.1074915533903928,18,2006.0,0.0477343263839057,34,3755.0,0.1628042084173583,32,5012.0,0.1460444898863494,13,2378.0,0.2475327397315492,34,5276.0,0.114828536876663,25,3117.0,0.1323484717943665,5,45.0,0.4636654687300646,3,56.0,0.5554156023822072,8,386.0,0.398424864399839,29,3124.0,0.1362562293059594,63,12617.0,0.0511388625777912,2,139.0,0.5741314636760582,15,850.0,0.3822646390433737,23,1435.0,0.2587196085149035,45,6943.0,0.117240912259305,23,5940.0,0.1726756249570718,5,198.0,0.2664142545645899,11,1207.0,0.3417702845542416,7,389.0,0.4275525157819039,5,294.0,0.4026022545816813,2,27.0,0.440864513868916,419,58003.0
1155.0,-0.4848000000000002,441,592.1500000000001,23.686,2.956397560537255,0,61.0,0.4242390300517525,0,2.0,0.91408611346653,2,23.0,0.4156562258226056,13,2771.0,0.1096132365260929,18,2101.0,0.0439847498884445,36,3930.0,0.1452508510896369,35,5129.0,0.1270716742307487,9,2422.0,0.2454850968128069,41,5343.0,0.1313176491954537,26,3244.0,0.0950610190713661,6,75.0,0.4797828154582335,3,71.0,0.5958272590276293,11,406.0,0.3988073559837074,28,3219.0,0.1362285688797559,69,12955.0,0.0606285999708835,6,160.0,0.4433875231208142,20,951.0,0.3554037438532575,18,1320.0,0.3484015997256294,46,7175.0,0.1153058087855189,21,5871.0,0.2034409032488622,8,220.0,0.2327830533666519,11,1260.0,0.3719215556374037,4,305.0,0.5024760610113576,7,159.0,0.2870933032050544,3,42.0,0.4188198855037552,441,59215.0
1160.0,-0.7404000000000001,467,610.6600000000001,24.426400000000005,2.63867968757078,2,70.0,0.2635418920971315,0,2.0,0.8892102968990844,2,33.0,0.4192501554560109,11,2832.0,0.110220474233937,18,2192.0,0.0138771463578132,36,4109.0,0.1110392947881739,40,5298.0,0.0968724084093426,7,2461.0,0.240230185260927,41,5455.0,0.091202048766049,32,3389.0,0.097015909109239,6,105.0,0.4966075026077635,3,86.0,0.6182291023573658,13,467.0,0.2484442916578288,27,3313.0,0.13477462674288,73,13319.0,0.0785829122930012,8,198.0,0.3588556132103123,24,1063.0,0.3241454291468469,14,1292.0,0.3864760883346568,49,7412.0,0.0976152695727147,23,5885.0,0.181068600166888,9,265.0,0.2756919804981615,14,1323.0,0.3115255296748881,2,286.0,0.4003390623598618,9,154.0,0.0821114829492874,4,57.0,0.2438456178460075,467,61066.0
1165.0,-0.0403999999999992,464,611.6699999999998,24.4668,2.1837633768414126,2,41.0,0.2450795739138455,1,4.0,0.6664015274003824,4,46.0,0.1798466675975029,9,2498.0,0.1198672545587075,13,1916.0,0.0810093883417036,34,4280.0,0.0886154073899198,44,5339.0,0.0602103388422778,7,2497.0,0.235895487359727,38,5535.0,0.0941642403891905,30,3347.0,0.1085055940909139,6,155.0,0.3636462978762889,3,101.0,0.5743515991418694,17,545.0,0.1176746233459687,32,3491.0,0.1219083739727706,76,13370.0,0.046687319360299,7,159.0,0.3570911369522245,23,1079.0,0.2207475750387438,14,1361.0,0.2814640914606554,43,7318.0,0.0708623281063071,28,6011.0,0.1299645163178617,4,192.0,0.383072195783631,11,1305.0,0.2375857582087284,4,300.0,0.2631586844080101,9,199.0,0.1494039202392384,5,78.0,0.1615370632669538,464,61167.0
1170.0,-0.8124000000000007,517,631.9800000000001,25.2792,1.4477037107215152,3,56.0,0.0822772251976154,4,19.0,0.2477652013844971,4,66.0,0.1737968897371873,8,2363.0,0.0840094295150196,10,1807.0,0.0732798993360471,34,4448.0,0.0473442494393076,48,5571.0,0.0498758625735724,10,2542.0,0.2096858868104499,36,5713.0,0.0792743158462083,29,3492.0,0.1322621630981451,13,201.0,0.124294964249558,6,122.0,0.4128180458742425,22,642.0,0.0045049366465904,40,3677.0,0.0646999363963477,77,13747.0,0.0366455007357364,8,194.0,0.2657452934407968,27,1203.0,0.0858353331402893,16,1436.0,0.210491810772324,47,7542.0,0.0207643128439329,36,6176.0,0.0467756272029378,3,169.0,0.4201793701908261,12,1330.0,0.1526706515872349,7,329.0,0.2197560116649667,10,246.0,0.0794337390938899,7,107.0,0.0007608960262825,517,63198.0
1175.0,0.5724000000000002,484,617.6700000000002,24.7068,1.9490326518624104,4,75.0,0.3771004927552779,5,44.0,0.2078168603659435,2,25.0,0.4454938904790052,10,2412.0,0.0733675116984981,12,1836.0,0.0838644699383456,34,4518.0,0.0673454735296573,41,5665.0,0.0521819751427823,14,2572.0,0.0752451026880795,37,5896.0,0.0884351692496903,22,3511.0,0.1531355044622291,4,118.0,0.4192454330357986,5,30.0,0.2249316068128159,18,516.0,0.1320927393079267,41,3560.0,0.0849466343180573,78,13568.0,0.0492292588909241,7,168.0,0.3416084468153017,25,1094.0,0.1280067102329029,18,1438.0,0.2357316990869799,46,7338.0,0.0697022821641129,34,5758.0,0.1008464734448174,3,71.0,0.2975852552970722,8,970.0,0.2319317056139874,9,355.0,0.2366181990691725,4,201.0,0.284983091970827,3,28.0,0.2125379090057804,484,61767.0
1180.0,0.1747999999999994,502,613.3,24.532,2.0401454600464706,4,97.0,0.4142607894796091,7,74.0,0.1200513284427859,3,37.0,0.228016382069648,9,2463.0,0.0684706484962483,13,1897.0,0.0625799112261788,42,4707.0,0.0750181108752108,39,5867.0,0.0533766740303419,20,2660.0,0.0399980466916842,44,6104.0,0.0635470612918628,17,3535.0,0.1318636108170848,4,76.0,0.5368859055479385,5,55.0,0.17124408540984,14,458.0,0.2511580786457639,40,3312.0,0.1082182969427362,75,13133.0,0.0666514711829647,8,189.0,0.350809802264153,21,1036.0,0.1471581472979848,24,1545.0,0.2625583343911505,48,7256.0,0.0625753275027209,35,5389.0,0.1108550692365192,6,98.0,0.3440393601978895,6,736.0,0.2279522261476487,13,412.0,0.2101808605085408,2,151.0,0.4684005185279829,3,43.0,0.3810769549568754,502,61330.0
1185.0,-0.2867999999999998,534,620.47,24.8188,2.1105998504096326,5,119.0,0.403196398045319,7,109.0,0.1187972179346076,3,52.0,0.211077238645355,11,2513.0,0.0592204490335356,12,1960.0,0.0565267800645329,48,4932.0,0.1167471370739982,42,6070.0,0.0497844652746658,24,2771.0,0.0356528681857251,51,6349.0,0.075186273421406,17,3550.0,0.1038500412701947,6,88.0,0.5189977126262868,8,90.0,0.0207280710352134,9,349.0,0.3226281562297358,36,3210.0,0.1188936451460158,77,13512.0,0.0838769336746794,9,233.0,0.3130198223752392,21,973.0,0.1435503912441849,27,1673.0,0.2680744804047905,50,7194.0,0.074281520802005,35,5065.0,0.1034799330780988,6,128.0,0.3830377145771753,10,451.0,0.1997307511830644,15,486.0,0.2141141804220354,2,112.0,0.6518777133175955,3,58.0,0.3307909590254738,534,62047.0
1190.0,-0.8887999999999999,567,642.6899999999999,25.707600000000003,1.8793299048059215,5,144.0,0.3682484692590248,7,144.0,0.1075755457957998,3,67.0,0.2120826623278323,15,2578.0,0.0252633192269304,12,2021.0,0.0582034166488555,51,5179.0,0.1089435198167649,44,6279.0,0.0261674471883798,24,2891.0,0.0386786459440463,53,6614.0,0.0787155147734494,20,3647.0,0.0789076663266964,7,119.0,0.4346063980847129,11,139.0,0.0002694582231512,9,357.0,0.3523047154351243,34,3384.0,0.1053077325234361,80,13902.0,0.0599419495163756,9,278.0,0.2997510939118152,21,1076.0,0.1453894362999514,30,1818.0,0.2931915682047624,52,7296.0,0.05664210459812,33,4992.0,0.105757047002747,8,163.0,0.2220517009899178,13,408.0,0.1375306806886968,19,573.0,0.2074119769228804,3,124.0,0.5790466032911117,4,76.0,0.2897573273432213,567,64269.0
1195.0,-0.1275999999999994,570,645.8800000000001,25.8352,1.861630030261141,4,146.0,0.4598413155277682,6,152.0,0.155421770481893,3,82.0,0.3996569722098397,18,2660.0,0.0255052709148909,16,2093.0,0.0813535094798632,47,4919.0,0.1505298703505647,39,5654.0,0.0582711043871355,24,3011.0,0.0969972431649756,49,6080.0,0.0648820158077401,27,3769.0,0.0518617369532786,3,109.0,0.5593944672902783,6,158.0,0.1953096905903022,10,404.0,0.2638891363714688,33,3555.0,0.121013216945832,77,14140.0,0.0411192404103577,10,325.0,0.2659259561479021,23,1119.0,0.0935027016473296,31,1874.0,0.2268461643793666,54,7567.0,0.0614889021886018,31,5150.0,0.1003778187257461,10,211.0,0.2121805340811219,19,492.0,0.0730592507764205,22,678.0,0.1721637783477445,4,144.0,0.405152729536762,4,96.0,0.2526723097015462,570,64588.0
1200.0,0.9068000000000008,486,623.2099999999999,24.9284,2.063532482138008,1,43.0,0.2600619337964802,5,148.0,0.2628923757118043,1,62.0,0.4331131276339601,15,2510.0,0.0676886037787797,17,2007.0,0.1089688478534855,38,4787.0,0.1722447226489904,32,5191.0,0.1099330954163446,18,2515.0,0.2118372690233773,43,5922.0,0.0582225564647988,28,3654.0,0.0334897693909552,3,51.0,0.3752227223515066,2,145.0,0.4503558414936748,10,397.0,0.3417311638293445,27,3592.0,0.1335913271815162,68,14017.0,0.0561381126726498,6,277.0,0.2204696523618955,21,1124.0,0.0822377370385197,28,1845.0,0.186040648366732,49,7485.0,0.0823143752052511,27,5058.0,0.1129084831016226,6,177.0,0.3281607325238452,16,493.0,0.1080083102882467,21,722.0,0.1095510077417473,3,52.0,0.5300599831200805,1,47.0,0.4603014156868683,486,62321.0
1205.0,1.1299999999999988,429,594.96,23.7984,2.97348258544729,4,56.0,0.2985458973690224,2,69.0,0.6357015146673005,2,15.0,0.6187607746675036,11,2571.0,0.0732763298337248,18,2090.0,0.0622776163029903,34,4776.0,0.1657606099787832,29,4878.0,0.1353931308969695,12,1997.0,0.3790319533532026,47,6147.0,0.0558429884829237,32,3810.0,0.0345642932099522,7,69.0,0.3228255266271253,3,69.0,0.6406114980017492,8,325.0,0.4184405378516981,22,3493.0,0.2074053948606499,55,13196.0,0.1005283669732417,4,136.0,0.4269532540375384,19,991.0,0.2137479208281637,23,1664.0,0.2373356627801803,38,6822.0,0.1339931894021284,22,5073.0,0.185693578041829,2,110.0,0.5272746413991233,12,442.0,0.3005465705872288,18,622.0,0.2194454799278378,4,64.0,0.191846906056422,1,11.0,0.6610154335465174,429,59496.0
1210.0,0.5139999999999992,419,582.11,23.284399999999994,3.1824217572014364,4,75.0,0.1604480641427431,2,31.0,0.6778498662462522,2,25.0,0.6954705823388871,9,2623.0,0.0729496498936905,19,2183.0,0.0510329513883023,35,4952.0,0.1252764152063496,32,4788.0,0.105568608094988,9,1357.0,0.4085221636016275,51,6394.0,0.0481967366177169,35,3976.0,0.0325515124808293,10,109.0,0.3737966401578438,3,57.0,0.7048503191225772,10,299.0,0.4533083749478456,18,3545.0,0.2761511204461963,51,12833.0,0.1164157220103825,5,121.0,0.4402519465965266,16,917.0,0.3081489834298556,18,1331.0,0.3088001017184451,37,6492.0,0.1592357886326297,17,4984.0,0.204932956778974,4,56.0,0.5877547004607628,7,380.0,0.4627190734308436,16,570.0,0.1857058363465061,7,95.0,0.0013712321335102,2,18.0,0.4719918354949698,419,58211.0
1215.0,0.0732000000000013,419,580.2800000000001,23.2112,3.318669865708584,4,50.0,0.0001713039769024,2,41.0,0.6876936689309758,2,35.0,0.6720763641311926,9,2670.0,0.0387311781909932,18,2273.0,0.0492167841831309,34,5120.0,0.1062764895905081,34,4501.0,0.1025467962452986,7,1192.0,0.4431535533602966,49,6502.0,0.0217352735269819,37,4131.0,0.0282633922569406,9,154.0,0.4548262434763369,3,72.0,0.7307578725007732,11,320.0,0.4952447184611685,21,3609.0,0.285511933729732,52,13089.0,0.1142864457592914,4,80.0,0.4483976270560695,15,869.0,0.3563174460619575,18,1160.0,0.3110208249493064,42,6190.0,0.1965629364316949,16,4978.0,0.232161789792154,5,63.0,0.510340420995317,5,308.0,0.5563517836909336,12,458.0,0.1874479979825273,8,135.0,3.611590498912533e-06,2,28.0,0.053280329405335,419,58028.0
1220.0,-0.7076000000000002,457,597.9699999999998,23.9188,2.972550936441733,4,70.0,0.0388410483209463,2,51.0,0.6849034246214032,3,46.0,0.6271014744370262,12,2720.0,0.023447268473458,17,2358.0,0.0511488351251247,37,5295.0,0.1151059084333685,36,4560.0,0.1138988372125896,5,1220.0,0.4483737118197848,53,6758.0,0.0200365505487283,40,4328.0,0.0102730134204928,9,199.0,0.4474479298052927,4,88.0,0.601864524221204,12,377.0,0.4024635090113723,22,3678.0,0.2806267233479995,61,13376.0,0.1010906733837278,4,100.0,0.4540069614139564,17,930.0,0.3370439261768093,20,1137.0,0.2073398182854045,48,6420.0,0.1542243510800546,20,4990.0,0.2261967934305631,6,92.0,0.5034768760708722,4,311.0,0.4788057171525904,10,477.0,0.2237043390611718,8,175.0,0.0,3,41.0,1.4567968574021344e-05,457,59797.0
1225.0,-0.1795999999999998,480,602.4599999999999,24.0984,2.462765798956489,4,90.0,0.0078553352995414,2,61.0,0.5061354361650373,3,38.0,0.5233153578714191,10,2357.0,0.0597245241730609,11,2063.0,0.048559516053829,32,5374.0,0.1002645004388424,40,4750.0,0.0704821986936775,8,1249.0,0.4225299313291322,47,6803.0,0.0472516434928411,37,4289.0,0.0624922652580792,10,247.0,0.4491055055408953,8,121.0,0.4516416897465519,15,446.0,0.2589677333732476,29,3808.0,0.2527955365679521,65,13517.0,0.060560329289139,4,120.0,0.386482500814221,20,1019.0,0.2517168939749092,26,1276.0,0.1614594317956767,45,6310.0,0.1230726433991552,29,5119.0,0.1401072034790889,5,88.0,0.4852098486431813,9,346.0,0.3798139387099408,8,484.0,0.2128637142384803,9,215.0,0.0951405044924229,4,56.0,0.0,480,60246.0
1230.0,-0.799600000000001,534,622.45,24.898000000000003,1.7366203726273952,5,115.0,0.0852258799827088,5,80.0,0.2139162899961976,6,63.0,0.2085743940735618,9,2206.0,0.0907461819998494,10,1942.0,0.0671023627434612,36,5541.0,0.0621541709906269,40,4949.0,0.0648998771555338,11,1295.0,0.1804945442588747,43,6937.0,0.0702920519626855,34,4468.0,0.115467750615949,13,305.0,0.2851566328806501,12,173.0,0.2535475629285356,19,536.0,0.1687446198850644,37,3975.0,0.1404113495717294,70,13768.0,0.0479504452451568,6,150.0,0.4444392541005552,24,1133.0,0.1597632925848145,29,1417.0,0.145271376874734,48,6540.0,0.0686023621553193,39,5287.0,0.031251554911729,6,115.0,0.4166597349731194,14,407.0,0.2077299909272158,7,517.0,0.2749065253288175,8,255.0,0.1842195168436081,3,71.0,0.2238859787000859,534,62245.0
1235.0,0.764,509,603.35,24.134,2.1315416587744704,2,96.0,0.334753887612862,6,74.0,0.0844789103823947,7,62.0,0.1808884831618909,7,2232.0,0.0852967368567115,11,1966.0,0.0569179140631377,36,5659.0,0.0951732304481873,38,5140.0,0.1057107987025508,16,1334.0,0.1748138466823655,41,6481.0,0.0966350288861813,27,4464.0,0.1380373842824591,13,305.0,0.1804128448486546,12,222.0,0.2074520239583882,14,353.0,0.2094519224482652,42,3803.0,0.0995131869264264,72,13543.0,0.0583630411976211,1,12.0,0.626901665438078,21,899.0,0.1482016393714484,31,1533.0,0.1995098060345518,46,6367.0,0.1104121414808374,37,4866.0,0.1249144478901033,5,27.0,0.4067420378212922,15,282.0,0.1641236736843192,8,507.0,0.263860758214376,1,108.0,0.52801151421381,0,0.0,0.897974609504854,509,60335.0
1240.0,0.1320000000000006,523,600.0500000000001,24.002,2.1944304553076783,4,113.0,0.4649691069415145,8,112.0,2.634980489502484e-05,9,105.0,0.164220543980459,6,2263.0,0.0933783278153705,13,2030.0,0.0526244719846842,40,5763.0,0.126662051495576,37,5328.0,0.1380892218125163,19,1424.0,0.1881571425686443,39,6677.0,0.0877509474799877,21,4459.0,0.1526029315900993,12,278.0,0.3197503394806297,15,293.0,0.1931441457064625,13,370.0,0.2615406636440275,44,3643.0,0.0780556666804714,72,13063.0,0.0651577113087677,2,10.0,0.5466801341119898,22,818.0,0.0727652156633081,34,1698.0,0.2130380986797291,43,6072.0,0.0989505751943624,32,4479.0,0.1172459973533509,7,58.0,0.1078416475101349,19,337.0,0.1472395146694541,12,560.0,0.1928118421184307,0,52.0,0.735694659406622,0,0.0,0.8539679175919718,523,60005.0
1245.0,-0.2203999999999995,560,605.56,24.2224,2.172053406611819,4,133.0,0.4825523868829784,8,152.0,0.0,9,150.0,0.1573387219402182,9,2304.0,0.0168116325446179,13,2098.0,0.0456387024692382,45,5921.0,0.1109172235631932,40,5521.0,0.1454459281060032,19,1519.0,0.1896553471102767,42,6883.0,0.1059000672412741,21,4455.0,0.1170750230474604,10,275.0,0.3385866155042893,15,368.0,0.1946601447748831,14,437.0,0.2682894461838746,45,3360.0,0.1006147533563389,75,12882.0,0.0648374780020192,6,30.0,0.3274865576227713,22,819.0,0.0732718717144771,38,1859.0,0.1870733660623937,47,5841.0,0.1030028328047933,30,4365.0,0.1070980665954561,11,110.0,0.1305961039946902,22,442.0,0.10401591822421,15,631.0,0.2643226929284887,0,1.0,0.8146403315592647,0,0.0,0.9026015829805432,560,60556.0
1250.0,-0.8660000000000012,612,627.2099999999999,25.0884,1.9758217064283263,5,156.0,0.5195000238336059,8,192.0,0.0,9,195.0,0.1473381978104332,13,2362.0,0.0013149572138522,14,2167.0,0.0412661568901706,54,6175.0,0.1070331350740956,47,5740.0,0.0842981679970368,19,1614.0,0.1944259375944222,44,7100.0,0.093603386926317,24,4499.0,0.1111970419478913,13,334.0,0.2596747390704333,15,443.0,0.2663130388344745,16,513.0,0.2510095644270244,44,3579.0,0.1032433508188787,81,13008.0,0.054885264805133,6,60.0,0.4332424039833165,25,889.0,0.0851771009511616,42,2061.0,0.1079705235518005,52,5939.0,0.1116954808280373,29,4254.0,0.1207483177074999,11,165.0,0.150556296002888,23,557.0,0.1122164498016603,17,715.0,0.1987105648694519,1,4.0,0.6760427547747428,0,0.0,0.7177814594376798,612,62721.0
1255.0,0.1004000000000008,611,624.7000000000002,24.988,1.795600483571067,3,39.0,0.5918119153265021,6,157.0,0.2439337981783264,8,221.0,0.0962714570461136,14,2431.0,2.1358385143515284e-05,17,2246.0,0.0374499034729418,54,5889.0,0.1366183738618285,41,5004.0,0.0694125091729093,20,1711.0,0.1742815919515776,43,6448.0,0.0655448767408778,30,4636.0,0.0406884841048918,9,305.0,0.1894705274707369,11,391.0,0.2870500755173709,15,455.0,0.243934612826076,40,3732.0,0.1304397168022041,78,13169.0,0.0554431147369419,8,92.0,0.2628430105898053,27,1010.0,0.026207269808889,44,2206.0,0.0780723933034331,56,6212.0,0.1027004390229885,28,4400.0,0.1130998094729026,13,223.0,0.1144788088139426,23,672.0,0.0694514256251139,21,811.0,0.1007201132075295,1,9.0,0.7559742953923766,1,1.0,0.4041758278675219,611,62470.0
1260.0,0.6879999999999995,533,607.4999999999999,24.3,1.9486042850621264,0,18.0,0.6205629567846781,3,149.0,0.4465964923149257,5,219.0,0.2263681757171803,11,2049.0,0.0124283757202892,17,2112.0,0.0160232755360776,46,5726.0,0.1382954814110717,37,4560.0,0.1018646791796622,16,1567.0,0.3141066997704322,45,6245.0,0.0527974364992634,34,4547.0,0.0366435282075926,6,317.0,0.1963574014736887,9,378.0,0.3084068068313642,8,446.0,0.2750990564922032,36,3821.0,0.1588681641013186,71,12978.0,0.0717009328339405,3,85.0,0.3846185426907892,23,1038.0,0.0912915185279104,39,2207.0,0.0762844035908109,52,6123.0,0.114069091342958,22,4402.0,0.1024093654569532,7,214.0,0.2220765365494511,19,675.0,0.0952985500784122,20,849.0,0.0908820575069903,3,21.0,0.4985826016698015,1,4.0,0.4731873523181967,533,60750.0
1265.0,1.3536000000000004,466,573.66,22.9464,2.822541484097763,2,7.0,0.4177175472639876,0,58.0,0.8155074923274159,0,158.0,0.514957640326354,6,2089.0,0.069208296576114,18,2198.0,0.0171921763031845,41,5716.0,0.1329034502471329,35,4371.0,0.1388258652594228,9,1009.0,0.4226018984377175,54,6496.0,0.0739997403700449,32,3986.0,0.0742314205386712,11,307.0,0.2677499998675743,7,308.0,0.4337580372199022,6,377.0,0.4005318017164146,24,3681.0,0.2100974256080774,63,12336.0,0.09414521488736,5,49.0,0.420713062726451,17,912.0,0.2849297691114152,32,2031.0,0.1889491864756802,47,5420.0,0.1128358526914072,20,4317.0,0.1531802586391585,3,176.0,0.3125611229713965,11,572.0,0.2605753025769992,16,741.0,0.1733042869223753,6,42.0,0.2976530073178419,1,9.0,0.4767915040516532,466,57366.0
1270.0,0.6840000000000005,443,556.5600000000001,22.2624,3.2663177484389685,4,23.0,0.4259747672821712,0,2.0,0.8765730925260126,0,92.0,0.6618934517691486,4,2114.0,0.0677545304182787,16,2283.0,0.0166102716962265,38,5736.0,0.1023810251255116,35,4547.0,0.1196386070411714,7,588.0,0.4623035173944583,55,6766.0,0.0808954682220266,31,3497.0,0.09595109370191,15,366.0,0.3267444090039514,8,251.0,0.529824525397617,10,315.0,0.4492880023932685,19,3605.0,0.2920399285462104,62,12013.0,0.121530419294495,5,84.0,0.4847925784645278,13,759.0,0.4060383206884129,28,1835.0,0.2664012081236429,42,5104.0,0.1543397913651953,18,4330.0,0.1884617665458957,4,200.0,0.3661519482116756,7,370.0,0.4064447137840281,11,682.0,0.291975258527253,9,79.0,0.1564226368713137,2,15.0,0.0018737956914869,443,55656.0
1275.0,0.4899999999999995,452,544.3099999999998,21.7724,3.391939760749172,6,52.0,0.4758979779270288,0,2.0,0.9073997385851024,0,61.0,0.6858235294617108,6,2137.0,0.0489685429298819,15,2359.0,0.0410323095585087,36,5774.0,0.0996081234968076,38,4729.0,0.0851904038622548,6,389.0,0.5205738315654664,55,6845.0,0.0616593908798747,29,3258.0,0.1370752578353059,15,441.0,0.359164019712314,9,267.0,0.4483552722174628,15,315.0,0.5014737175913915,18,3546.0,0.3342391827106283,65,11435.0,0.1228355011535782,6,114.0,0.5668409939745311,9,697.0,0.4196732598492844,30,1767.0,0.2106728699045802,38,4604.0,0.1610845685974233,23,4430.0,0.1872007080287116,9,230.0,0.3638672813578634,4,270.0,0.4983649238423311,8,556.0,0.4261810010521087,10,128.0,0.1111475105180267,2,25.0,0.2341962215275953,452,54431.0
1280.0,-0.4608000000000002,472,555.83,22.2332,3.066558883447131,6,82.0,0.4493542458225136,0,2.0,0.7331301333213389,1,31.0,0.6737214174465419,9,2175.0,0.0108030626368076,13,2428.0,0.0174475670910182,32,5875.0,0.0975918235146245,43,4937.0,0.0358243424818217,7,438.0,0.4862643261992571,56,6938.0,0.0361323631776752,28,3231.0,0.1359410524982,15,516.0,0.2994306525540214,11,319.0,0.3553436957501802,17,393.0,0.4393004679885295,21,3617.0,0.2720511025537278,69,11486.0,0.107384429603687,6,144.0,0.5721911045320719,8,684.0,0.3615418913686327,35,1855.0,0.1606075166669634,35,4588.0,0.1773449679702341,29,4560.0,0.2074106153114652,11,281.0,0.3946909820340442,4,259.0,0.4250638183209164,3,526.0,0.4724895430620821,11,183.0,0.1426684550088538,2,35.0,0.4257326677576953,472,55583.0
1285.0,-0.2267999999999994,488,561.5,22.46,2.6622188199482424,8,118.0,0.323483856714941,2,9.0,0.5434906778733817,3,41.0,0.4295180082410753,6,1752.0,0.0843823555712992,10,2084.0,0.0477797014695117,29,5955.0,0.0947257162515616,41,4973.0,0.0323362888625998,12,491.0,0.280743985007311,52,6967.0,0.0435809536445547,28,3370.0,0.1685467679848774,17,599.0,0.2544242534691862,14,384.0,0.2539021776045932,15,435.0,0.4161357006491951,29,3750.0,0.1932032087135942,69,11582.0,0.0797766568727103,7,139.0,0.5244764843947796,12,734.0,0.3054560730169888,36,1942.0,0.1715855815051453,36,4765.0,0.137914834686143,32,4715.0,0.1611754472411049,4,236.0,0.4498662913055724,8,290.0,0.2442670435346073,4,535.0,0.4636551523811327,12,239.0,0.0771864461885147,2,45.0,0.4711584955825455,488,56150.0
1290.0,-0.8416000000000006,552,582.5399999999998,23.3016,1.866856438910848,10,163.0,0.1931255421113691,4,24.0,0.2906056662048066,6,64.0,0.1451826501345516,2,1570.0,0.1701507882579523,8,1946.0,0.0716054123231065,31,6099.0,0.1020900024154505,41,5176.0,0.0284486894067645,21,575.0,0.1437378181573045,53,7106.0,0.0661660251931824,27,3510.0,0.2078589856387823,22,696.0,0.049242367167266,19,466.0,0.1449507890392085,22,527.0,0.2200359979409061,35,3916.0,0.1401962428864639,70,11920.0,0.0577816520283439,8,178.0,0.3952796685637718,16,807.0,0.2146143531698337,38,2133.0,0.1357504909396398,43,4968.0,0.091239028892234,37,4893.0,0.0957818788648226,7,260.0,0.2654304916456065,11,339.0,0.1844168598279902,7,564.0,0.2757290662095806,12,299.0,0.0754969458671395,2,55.0,0.1399229009271839,552,58254.0
1295.0,0.8559999999999998,525,561.1400000000001,22.4456,2.060732667594768,11,218.0,0.2146280211159056,6,50.0,0.1159959702616426,8,104.0,0.259666063073546,4,1583.0,0.1101961005397207,11,2002.0,0.0807448493981017,32,6155.0,0.1095344367012809,39,5375.0,0.0575577090191698,16,511.0,0.1518053068172433,48,6862.0,0.0669817983533042,19,3388.0,0.2555203919600828,18,645.0,0.1399010617879519,11,273.0,0.1503252766022665,22,412.0,0.1981630136087935,38,3657.0,0.1121501467206252,67,11703.0,0.0725005098230904,6,110.0,0.3764774708802284,17,713.0,0.1545785575937999,29,1926.0,0.2021949582888614,43,4544.0,0.1422692591722723,37,4454.0,0.0961563791533488,12,278.0,0.1678349460557595,9,285.0,0.1775645499202087,13,585.0,0.2144186463264673,6,248.0,0.2895587927740964,3,33.0,7.812531818062638e-05,525,56114.0
1300.0,0.0988000000000005,543,558.6700000000002,22.3468,2.097284053842695,14,284.0,0.2900467701954041,7,85.0,0.1159490746892451,8,146.0,0.2500282654244162,8,1613.0,0.0046696202223312,10,2056.0,0.0996434253764275,38,6265.0,0.0812702265421766,35,5560.0,0.0863478199084882,14,543.0,0.1690553352619263,52,7113.0,0.0463672155737608,14,3324.0,0.2752538400175742,15,720.0,0.1608784626211219,9,167.0,0.2065003784611579,23,527.0,0.2391220022682577,41,3460.0,0.0807937430920289,64,11210.0,0.0759618666134976,8,85.0,0.2713200029085016,20,668.0,0.1684393465899098,29,1844.0,0.2163669206687603,43,4579.0,0.1312496105944102,38,4039.0,0.06419954808421,18,354.0,0.1648607502974353,13,309.0,0.1345032774440213,18,669.0,0.3068590670353273,1,199.0,0.4932059744335477,3,48.0,0.1947013884141582,543,55867.0
1305.0,-0.3280000000000009,593,566.87,22.6748,2.120689197011161,14,353.0,0.2976984407692219,7,120.0,0.1088057786267261,9,191.0,0.2206270430948572,9,1656.0,0.0001056880315905,10,2105.0,0.1665827833410766,47,6418.0,0.0390356256283439,37,5743.0,0.0903711916550825,14,605.0,0.1735611116730066,53,7379.0,0.034511371990476,15,3313.0,0.1891048584323497,15,795.0,0.2176160824885777,9,161.0,0.2365969347879532,26,650.0,0.3145097830000407,46,3299.0,0.0967024301788009,70,11031.0,0.0782423625886643,9,92.0,0.3051560588877188,23,717.0,0.1360052426540575,33,1755.0,0.1923284726327585,47,4805.0,0.1151383426758632,39,3694.0,0.0471745453414991,21,451.0,0.1759166757528295,16,381.0,0.0919519430890143,20,768.0,0.3548738385121119,1,142.0,0.6059088837334838,3,63.0,0.0022887223525079,593,56687.0
1310.0,-1.0071999999999997,640,592.05,23.682,1.754218373778258,15,427.0,0.2334663212035318,8,158.0,0.0,9,236.0,0.257103409351902,9,1701.0,2.97213828657415e-06,12,2160.0,0.1666881748744437,50,6661.0,0.0404400276032107,44,5952.0,0.0688569886337794,14,674.0,0.1154683541138522,54,7645.0,0.0269446734038537,20,3365.0,0.0829153753924059,22,896.0,0.2419777484152725,9,195.0,0.0873604439276037,27,781.0,0.2766694480757137,44,3348.0,0.1024259702339221,77,11150.0,0.0605374343720248,10,121.0,0.0931817559317424,29,849.0,0.1325014049821014,35,1858.0,0.1677032554245708,50,5049.0,0.0852795610328654,38,3889.0,0.0529345495447201,23,561.0,0.0819908511134021,16,461.0,0.132030207420515,20,868.0,0.3823353633527573,1,117.0,0.5864399551727715,4,83.0,0.0511240612275274,640,59205.0
1315.0,0.1772000000000005,637,587.6199999999998,23.5048,1.7263792173561403,14,401.0,0.1611218797136021,8,198.0,0.0954103825900509,8,266.0,0.2487400929601987,9,1746.0,0.0,16,2233.0,0.1299621771196843,48,6305.0,0.054038634471819,41,5287.0,0.0666719961108008,15,750.0,0.1742611702976784,47,6987.0,0.0385370078881583,28,3487.0,0.0291012656012286,16,726.0,0.288640825069482,9,241.0,0.1965397679637437,27,852.0,0.211804454062874,42,3514.0,0.1345418437555408,79,11246.0,0.0518568900125599,12,177.0,0.1836600699328043,25,892.0,0.1241633380492207,38,1906.0,0.1290335146628306,48,5113.0,0.0767304417249113,39,4081.0,0.0780361237896281,23,676.0,0.0675189751316434,16,541.0,0.1275323008215561,24,977.0,0.2847893768357404,4,130.0,0.458423440226989,1,30.0,0.4482105897694189,637,58762.0
1320.0,0.5271999999999996,553,574.44,22.9776,1.932494774610512,6,346.0,0.1209092886585131,5,195.0,0.1750968138979166,6,239.0,0.2836748421331534,6,1342.0,0.0252958636619249,17,2124.0,0.0996149804522655,39,6101.0,0.0919114738055595,39,4951.0,0.0769847645466967,10,663.0,0.332266785016626,47,6793.0,0.03867172790673,32,3639.0,0.0182239708305613,8,658.0,0.2663856104014264,4,205.0,0.4158770082049741,26,922.0,0.1317809620803234,34,3610.0,0.1671305922626914,72,11064.0,0.055300697123019,6,178.0,0.3433378565304335,23,920.0,0.1120736404594642,37,1840.0,0.1706317301342136,44,5088.0,0.1139971536973585,32,4261.0,0.0940662711337372,19,661.0,0.1402012825879902,13,551.0,0.193013916417044,22,969.0,0.1877518243115242,6,124.0,0.3432483147006741,0,0.0,0.9607510348272322,553,57444.0
1325.0,0.8236000000000007,475,553.85,22.154,2.685752367722833,5,322.0,0.165737286480558,1,101.0,0.5776886252387944,1,180.0,0.4364729797087632,2,1359.0,0.1353321793201076,18,2213.0,0.0182361797991248,30,6051.0,0.1335765082275413,40,4955.0,0.0754471413565753,3,416.0,0.5485045263766364,48,7035.0,0.0526375056072972,35,3586.0,0.0244348129856853,8,629.0,0.3118857491112071,0,111.0,0.7333547369430724,23,887.0,0.1632134507390921,28,3634.0,0.1838934700874838,70,10505.0,0.0608471085302678,2,101.0,0.5486954805210345,16,736.0,0.2072614308249912,30,1513.0,0.223859279975511,35,4564.0,0.1594561204631382,33,4423.0,0.1124457291184768,10,452.0,0.3199020366193821,8,470.0,0.3956469720868779,20,979.0,0.1428249220284442,9,163.0,0.3358227135155011,0,0.0,0.9129757424476712,475,55385.0
1330.0,0.1387999999999997,472,550.3800000000001,22.0152,3.052852111027033,6,341.0,0.2314019730337446,1,14.0,0.6782360541733831,4,117.0,0.4886552438942111,4,1372.0,0.0426900373616162,18,2306.0,0.0191602631246295,25,6040.0,0.1596803722522295,42,5159.0,0.0669442979516858,3,211.0,0.6397803695540191,55,7302.0,0.0494962333275856,30,3526.0,0.0573563670450843,15,683.0,0.3199505994773525,1,56.0,0.710584464199331,27,926.0,0.1908599637988891,29,3705.0,0.2159702917294036,69,10291.0,0.0714224919147673,2,48.0,0.7112934644746486,12,630.0,0.3608321719616207,25,1309.0,0.2906314160478888,28,4275.0,0.2097021231670339,34,4595.0,0.1363266218455939,4,344.0,0.4616167272046149,6,503.0,0.4011165528905499,23,1077.0,0.1029300728904833,9,208.0,0.313897934683604,0,0.0,0.9583497899037424,472,55038.0
1335.0,0.0635999999999992,477,548.79,21.9516,3.073480821011493,9,380.0,0.2545050541125203,1,30.0,0.7084162336258643,4,61.0,0.5940929768821747,6,1400.0,0.0013034363565262,16,2392.0,0.0184787013060538,21,6088.0,0.1228404575178991,43,5365.0,0.0610139775155556,3,122.0,0.6568858772446774,57,7356.0,0.0261136117323006,25,3445.0,0.061880901023509,21,774.0,0.2999662924448618,1,11.0,0.7740057800765243,28,1031.0,0.1310329926420861,31,3828.0,0.1993882023672938,66,9823.0,0.0932668295173944,2,37.0,0.7551949587724546,11,565.0,0.4188534893258994,25,1289.0,0.295948564968109,27,3880.0,0.2066583005211719,38,4778.0,0.1474878063421767,1,239.0,0.491350714403232,6,531.0,0.3807334445005217,26,1201.0,0.0890789367953683,9,253.0,0.3020800948971923,0,0.0,0.938875238253742,477,54879.0
1340.0,-0.6032000000000002,506,563.8700000000001,22.554800000000004,2.6028668019267664,13,428.0,0.1873610255143966,1,35.0,0.6791702619616481,4,38.0,0.6484763063279143,7,1435.0,2.0139316262339607e-06,16,2471.0,0.0147174072597104,17,6118.0,0.1416558980849614,44,5574.0,0.0311765763534583,4,103.0,0.586288452974941,61,7426.0,0.0169834198976237,25,3560.0,0.0365359548920245,25,890.0,0.2319314829294219,1,16.0,0.7644661385409097,32,1180.0,0.1234389536161278,35,3998.0,0.1506176795958639,65,9893.0,0.0849099074977142,3,49.0,0.6901921799877387,10,557.0,0.3863330730900426,27,1354.0,0.1701373054502736,26,3859.0,0.1999148782928255,41,4978.0,0.1178682269116703,0,210.0,0.4720702928438354,10,576.0,0.3520915125441727,29,1338.0,0.0522666893653017,10,301.0,0.1559872594724174,0,0.0,0.1245465611408793,506,56387.0
1345.0,-0.0891999999999993,544,566.0999999999999,22.644,2.078314733415017,17,501.0,0.1707314384568385,1,40.0,0.7295544880474363,4,45.0,0.5878629980813957,2,997.0,0.1445169846723676,15,2126.0,0.0538077657661707,21,6154.0,0.1144974291116453,44,5608.0,0.0243919169840921,9,138.0,0.3308315341528716,55,7400.0,0.0317456767303072,26,3689.0,0.0830319317929561,34,1035.0,0.1194149200102031,4,27.0,0.5806927159208423,35,1267.0,0.0698684948968952,37,4055.0,0.1131877141708847,62,10001.0,0.0676319373527708,6,68.0,0.4882039350509127,12,614.0,0.3088976219442746,26,1440.0,0.1658394081891717,30,4003.0,0.1486050836128921,49,5205.0,0.0644986836715817,6,220.0,0.3193368943914185,11,473.0,0.3082957859064218,25,1175.0,0.0518803673930965,10,326.0,0.0963438154102061,3,3.0,4.9345268232869465e-05,544,56610.0
1350.0,-0.8551999999999996,584,587.4799999999999,23.4992,1.6507823354119775,18,581.0,0.1251330734482592,2,46.0,0.4479719005390363,7,54.0,0.2816352106069937,0,781.0,0.2476314615635791,13,1995.0,0.1023644331579814,26,6274.0,0.0762857929677147,42,5816.0,0.0204586726606333,15,206.0,0.2179133102526239,56,7527.0,0.0591872230376229,23,3810.0,0.1347503875322351,37,1215.0,0.0651737021334896,8,57.0,0.2123211765778148,38,1413.0,0.0763151252802055,40,4251.0,0.0725488479174489,62,10302.0,0.0750581883511333,10,108.0,0.3130906331014327,14,677.0,0.1999945900274504,29,1584.0,0.1928243636552309,38,4179.0,0.0855058713638051,54,5464.0,0.0120772462242513,8,250.0,0.2237497276477626,11,528.0,0.2615395229997344,20,1241.0,0.0920634592890937,12,381.0,0.1159833658092142,1,8.0,0.5917726604695887,584,58748.0
1355.0,0.7359999999999993,570,569.08,22.7632,1.9909484948945504,18,666.0,0.1657887399045614,3,15.0,0.2934219323834099,7,-15.0,0.2924595254750888,3,789.0,0.0209280154834954,10,1983.0,0.0804055925418855,34,6390.0,0.0839120179634132,40,5575.0,0.0609734249379795,9,113.0,0.2610629854777862,53,7262.0,0.0508884869290104,23,3889.0,0.1403055596662731,37,1172.0,0.1015684148933177,10,75.0,0.1441148504098059,30,1423.0,0.1913765215426573,44,4042.0,0.0624189769080709,59,10064.0,0.077248408898195,8,83.0,0.3068336467287876,15,565.0,0.1558458759989746,24,1495.0,0.234422054358233,41,3907.0,0.098569828607819,58,5057.0,0.039052358471004,11,298.0,0.1719614873286588,12,565.0,0.179267284190518,14,1233.0,0.2027950849584413,6,248.0,0.2908990142832218,1,14.0,0.7108225163001801,570,56908.0
1360.0,0.0207999999999999,598,568.5600000000001,22.742400000000004,1.889805684342631,20,757.0,0.1047553404283399,6,38.0,0.2235263111197719,8,5.0,0.288125681776422,4,807.0,4.497065094568799e-05,8,2000.0,0.0672219630832533,40,6581.0,0.09647640623476,35,5748.0,0.061992808495038,8,145.0,0.3235163722170314,57,7537.0,0.0300011559998601,25,4010.0,0.1069486111159737,34,1205.0,0.1388197421008985,11,128.0,0.1403447251124605,29,1465.0,0.2042955534972628,47,3855.0,0.0729084257248453,58,9606.0,0.0701734114303583,10,121.0,0.1975410024572099,21,656.0,0.0365878615467378,27,1498.0,0.2012558599151238,43,3508.0,0.0993099964399596,54,4785.0,0.0408660929127479,17,369.0,0.0930033734142992,17,638.0,0.1299230869082812,13,1206.0,0.2853860818650641,5,169.0,0.3404590577199655,1,19.0,0.5766270582392401,598,56856.0
1365.0,-0.4835999999999991,653,580.6499999999999,23.226,1.7609998485123992,20,857.0,0.0930636585778366,6,68.0,0.2164273095290622,11,53.0,0.2202714646635097,4,827.0,0.0,10,2044.0,0.058873884153985,45,6799.0,0.1260134471809576,38,5923.0,0.0285752965763261,9,188.0,0.3856326257966761,54,7809.0,0.027015371033337,33,4158.0,0.0540254784691404,31,1244.0,0.1668518214578125,11,183.0,0.1340401494105105,34,1533.0,0.1508705015324483,50,3691.0,0.0881017078809067,59,9460.0,0.0546862067463924,12,178.0,0.1809648306786397,27,780.0,0.0042280161251952,35,1655.0,0.1316955609138698,46,3544.0,0.1502918664890328,52,4545.0,0.0392021344332984,17,454.0,0.1100294812970395,21,736.0,0.1012745027102662,21,1217.0,0.2499427975624731,5,91.0,0.3195645652906998,2,28.0,0.598824427383825,653,58065.0
1370.0,-1.0100000000000002,689,605.8999999999999,24.236,1.5779458048816712,21,961.0,0.0762706220854726,6,98.0,0.2102345212633213,12,113.0,0.2284105540124083,4,847.0,0.0,12,2099.0,0.0211475921403586,45,7024.0,0.1390339325047734,41,6123.0,0.0244431892397625,9,233.0,0.4086497713605485,53,8073.0,0.0259822699258083,35,4329.0,0.0077798010108349,29,1359.0,0.1508391858541799,11,238.0,0.0798446287738155,40,1723.0,0.1025527739436411,46,3731.0,0.1126403709062019,68,9574.0,0.0450040531370257,13,240.0,0.1266683797259968,32,932.0,0.0293347122758945,44,1849.0,0.1025458383300944,45,3620.0,0.158503127550998,50,4574.0,0.046635255032886,18,543.0,0.0517554145222663,23,849.0,0.1110442055966828,24,1302.0,0.1928717796091143,5,116.0,0.3353920971482289,3,40.0,0.4224712519922346,689,60590.0
1375.0,-0.1767999999999999,677,610.32,24.4128,1.641145318320108,18,869.0,0.090604426830792,6,128.0,0.207371110994565,8,139.0,0.1684270867550525,4,867.0,0.0,17,2174.0,0.0028937206470201,40,6571.0,0.1806619557578988,38,5869.0,0.0488714712348908,9,278.0,0.4300512649150545,49,7840.0,0.0302385086275846,40,4521.0,0.0004105501647011,25,1263.0,0.1734706591866349,11,294.0,0.1585987125459447,40,1735.0,0.1145844413425601,43,3850.0,0.1215631590859664,72,9581.0,0.0460094185401632,14,309.0,0.110110604894344,27,984.0,0.0567807585739168,48,1949.0,0.0669874040062574,46,3851.0,0.1383072872577233,49,4823.0,0.0440316676092726,17,583.0,0.1311882576234981,23,964.0,0.1247073631799736,27,1433.0,0.0726998998646063,5,142.0,0.3589374055213564,1,15.0,0.7322471001599289,677,61032.0
1380.0,0.4351999999999995,560,599.4399999999999,23.9776,1.988272552125893,10,822.0,0.1348571956353519,4,129.0,0.3904331029351368,6,164.0,0.2074668243392638,1,410.0,0.1484367822809584,15,2032.0,0.0268329879104221,29,6312.0,0.232187548613974,28,5582.0,0.1056834747415998,4,203.0,0.4447236868609692,44,8070.0,0.0367484448912249,38,4720.0,0.0010707571842417,18,1303.0,0.1486470051701207,6,274.0,0.2792044447968186,29,1717.0,0.1465206959936592,39,3907.0,0.149789114661401,68,9475.0,0.0423685347025154,8,297.0,0.1860463277212584,20,954.0,0.1363211285192871,45,1952.0,0.1024043152608448,42,3856.0,0.1270470917638802,42,4747.0,0.0702149046587411,12,554.0,0.1967730549287926,20,937.0,0.1879337538808948,26,1391.0,0.0656854998851801,5,134.0,0.374492834969868,1,2.0,0.4712014495705761,560,59944.0
1385.0,0.9056000000000004,469,576.8,23.072000000000003,2.788521379950654,7,824.0,0.2839971817151598,2,62.0,0.6035277271341697,4,130.0,0.2978578060828682,1,411.0,0.0237663637523543,12,2095.0,0.0684894612523907,24,6296.0,0.2607861468902383,25,5116.0,0.1023440840381416,5,186.0,0.3347638280254537,47,8301.0,0.0463612338413945,37,4668.0,0.0494039892524566,17,1282.0,0.2607192958638866,2,160.0,0.5383298220479936,24,1778.0,0.1557009609978675,34,3777.0,0.147623028605434,62,8982.0,0.0762334749942284,3,233.0,0.4521057076218793,19,833.0,0.2470717599709669,36,1708.0,0.1615623904163979,35,3551.0,0.1881400236017012,33,4767.0,0.1149576543467306,4,386.0,0.3608770764312021,10,767.0,0.3819587186967926,20,1272.0,0.1442554310252041,4,86.0,0.4812599553431527,2,9.0,0.0040672145088259,469,57680.0
1390.0,0.2620000000000004,456,570.25,22.81,2.9957631479655467,6,844.0,0.2416396475947098,2,18.0,0.7180508541693154,5,97.0,0.4006356020285017,2,421.0,0.0002870752964964,11,2151.0,0.0247926563888097,28,6391.0,0.2094621204076093,26,4897.0,0.1334673566994442,11,228.0,0.2731456703280028,54,8560.0,0.017681062902585,32,4373.0,0.0461161887323448,20,1368.0,0.2057275352144792,1,102.0,0.7633255208034154,24,1898.0,0.2210475124480479,34,3761.0,0.14427366013915,56,8753.0,0.1101988648917943,7,247.0,0.4722886418710842,16,792.0,0.3880532372784445,32,1568.0,0.2103664307369891,27,3373.0,0.2690708144062364,33,4928.0,0.130868660709788,3,254.0,0.3954584756283434,3,572.0,0.4779251649732355,16,1356.0,0.187246775679764,4,49.0,0.5153649353590433,3,24.0,1.6754636151884838e-05,456,57025.0
1395.0,-0.0772000000000005,464,572.1800000000001,22.8872,2.9634505988663347,9,882.0,0.1921123715216556,2,18.0,0.6665770625727917,5,88.0,0.4219654267877736,2,431.0,0.0,9,2202.0,0.0220337307295425,28,6524.0,0.1844945467555634,28,4528.0,0.1305525415042806,13,240.0,0.3236980159285238,63,8616.0,0.0090277737102928,29,4522.0,0.052910765213024,26,1480.0,0.1523202383614593,1,18.0,0.8307956406287763,21,2007.0,0.2075470070717746,33,3731.0,0.1555383062457052,54,9029.0,0.0771885217575619,8,287.0,0.5613759296823781,15,739.0,0.4202383562396318,30,1529.0,0.2309140038095307,23,3156.0,0.284445590854709,37,5099.0,0.1007283237153713,2,148.0,0.481382973050862,2,397.0,0.5532618858777002,17,1439.0,0.227925616655174,4,69.0,0.4044301681200336,3,39.0,0.1195035224825708,464,57218.0
1400.0,-0.7420000000000003,505,590.7299999999999,23.6292,2.523235540276494,13,933.0,0.1110706409201851,2,34.0,0.6055531150878202,6,79.0,0.4269404501527769,2,441.0,0.0,11,2251.0,0.0206069779146815,32,6676.0,0.1538259995731944,29,4504.0,0.1580367650769003,10,292.0,0.2882801240846614,65,8939.0,0.010324108105946,29,4683.0,0.0522454642093042,32,1623.0,0.0736126736266691,2,25.0,0.667588057026844,28,2135.0,0.1819841543584156,40,3858.0,0.1421081246189796,52,9293.0,0.0565600704591927,9,328.0,0.4778091150652012,13,746.0,0.3901174406880993,32,1624.0,0.1679404837765958,22,3159.0,0.269037213177032,42,5303.0,0.0549338452863236,3,155.0,0.4412939069665569,3,318.0,0.4800309498973226,21,1532.0,0.2040611690885544,4,88.0,0.3925825109300108,3,54.0,0.0256100844093972,505,59073.0
1405.0,-0.0807999999999996,531,592.7500000000001,23.71,2.216682244475406,16,1004.0,0.1741746278419831,4,45.0,0.3805064890598858,5,82.0,0.4125191827654389,0,0.0,1.0,9,1862.0,0.0513829364054749,35,6742.0,0.1209592400605442,32,4612.0,0.1370596490227787,14,357.0,0.2872509287045893,60,8864.0,0.0306864784278097,28,4826.0,0.0826547525714324,39,1801.0,0.0824506475073458,4,61.0,0.5825014120672387,27,2111.0,0.1495946669185235,46,4074.0,0.095684240481534,45,9289.0,0.0612577708275309,5,256.0,0.477088011680755,12,720.0,0.3018417674980283,32,1728.0,0.1750910157872572,32,3297.0,0.1959622895471398,48,5535.0,0.0161694910891114,2,112.0,0.4671811929630359,8,349.0,0.3537489543292891,18,1362.0,0.1344211834021562,6,113.0,0.179240686486333,4,73.0,0.180671987237618,531,59275.0
1410.0,-0.8860000000000007,603,614.9000000000001,24.596,1.6311282157325495,18,1088.0,0.1665827643032342,5,63.0,0.1270755609365062,7,101.0,0.1741956428071757,0,0.0,1.0,7,1701.0,0.0731952529562854,40,6929.0,0.0740837398545362,35,4737.0,0.1353644840513323,16,434.0,0.1619405009770772,61,8999.0,0.0440632093330881,28,4963.0,0.1611625569901423,42,2002.0,0.0619521692101014,8,92.0,0.3899409185287427,34,2267.0,0.1122935772762767,49,4313.0,0.0684135982966265,47,9404.0,0.0442046827934851,9,292.0,0.2591646358599435,13,742.0,0.2550473523814887,33,1896.0,0.1569778617509324,45,3496.0,0.1025015965188966,54,5795.0,0.0071521736967767,9,134.0,0.3095289657185736,13,404.0,0.2210937818668681,18,1395.0,0.0619222887568716,8,150.0,0.1078236921644594,4,93.0,0.1727121051640814,603,61490.0
1415.0,0.3296000000000012,586,606.6600000000002,24.2664,1.8317326636265892,19,1177.0,0.1922453361245014,6,18.0,0.0127685159656963,10,134.0,0.1793068990384797,0,0.0,1.0,7,1736.0,0.1124155900861817,40,7066.0,0.0817853721817571,39,4878.0,0.1063034871942524,12,435.0,0.2428910734362246,58,8399.0,0.0234307038295725,26,5011.0,0.1560500973885217,34,1885.0,0.1010854286462308,10,139.0,0.3173713245802292,32,2138.0,0.0978553069034981,46,4311.0,0.1052187076285443,53,9680.0,0.0324537700421426,9,279.0,0.2864370772672297,14,744.0,0.1627979445426296,33,1981.0,0.2076595612011305,46,3107.0,0.0936287642765087,52,5603.0,0.0143760619307467,7,144.0,0.4211003447640593,14,407.0,0.1733271325392572,14,1308.0,0.0917557860937939,3,70.0,0.4366809933009226,2,16.0,0.0005028928435035,586,60666.0
1420.0,-0.5348000000000005,615,620.0300000000001,24.8012,1.9781438849459407,21,1278.0,0.2311424774106924,7,51.0,1.1191499946184574e-05,11,186.0,0.295000114582766,0,0.0,1.0,6,1766.0,0.1246958103208914,42,7217.0,0.1333510089273809,42,5048.0,0.0745800180246778,6,388.0,0.2970289677268278,54,8676.0,0.0376282571065608,29,5136.0,0.1404818015610266,29,1919.0,0.1736853826789833,13,203.0,0.3111277184577057,32,2040.0,0.0893451123078441,47,4541.0,0.1088011386802684,58,9705.0,0.0281462697514541,11,313.0,0.2457712058161034,23,839.0,0.0492707367980819,38,2107.0,0.2049762884556696,45,2985.0,0.1765265336035903,52,5474.0,0.0240170943714255,9,185.0,0.3489633349687655,18,484.0,0.1149539429318659,17,1382.0,0.1424049876109334,3,54.0,0.5624010859663794,2,26.0,0.0,615,62003.0
1425.0,-0.7996000000000002,669,640.02,25.600800000000003,1.9062884578436885,24,1381.0,0.1318909178263465,7,85.0,0.0,11,241.0,0.3590782032078868,0,0.0,1.0,9,1803.0,0.162501935529947,45,7429.0,0.1392689623357891,46,5260.0,0.0669964978786058,6,340.0,0.3371725012655602,50,8940.0,0.036300035832407,35,5297.0,0.0689427239026466,27,1873.0,0.1937704088216423,15,275.0,0.1929967822354847,39,2222.0,0.0627357294306785,53,4791.0,0.1296463655999935,61,9771.0,0.0290716462516242,16,377.0,0.0960218283764432,29,968.0,0.009137160626776,45,2317.0,0.1658177513828723,40,2875.0,0.2355327397418038,53,5358.0,0.0343868533638431,11,234.0,0.3215598840497239,20,580.0,0.1830923495885141,22,1480.0,0.1193737686050735,3,69.0,0.6238848000833329,2,36.0,0.3022297489163222,669,64002.0
1430.0,-1.0580000000000005,707,666.4700000000001,26.6588,1.563221176187184,26,1498.0,0.0457548860164225,7,115.0,0.0,11,287.0,0.3929036828524254,0,0.0,1.0,12,1857.0,0.1189103467047586,51,7665.0,0.1305798919132464,48,5496.0,0.0291750787264452,8,350.0,0.2851204817734748,52,9198.0,0.0319440967244501,40,5486.0,0.026932065390856,22,1929.0,0.1552860262307473,18,357.0,0.163790023888729,43,2429.0,0.0539963967551355,55,5064.0,0.1318948746174129,62,9853.0,0.0280558921176109,17,457.0,0.1333678398030577,32,1120.0,0.000744448640851,51,2559.0,0.1086371988449401,39,2771.0,0.2149727515635437,52,5464.0,0.0586907455954154,10,279.0,0.2782943113553906,20,680.0,0.0917107839162701,26,1603.0,0.0275196730519321,3,84.0,0.6670053933635223,2,46.0,0.0135156433751973,707,66647.0
1435.0,-0.0607999999999996,704,667.99,26.7196,1.520471797714032,23,1353.0,0.0866837089090091,7,140.0,0.1077427156969974,6,295.0,0.4340086294179032,0,0.0,1.0,15,1926.0,0.0950875897181311,45,7161.0,0.1414078148809598,48,5216.0,0.0363645532509963,10,399.0,0.2761012127802846,50,9450.0,0.0337631204600806,43,5694.0,0.007046083364312,21,1791.0,0.1514732079776178,13,340.0,0.1669170630197478,44,2451.0,0.0864871864461403,50,4771.0,0.1357392388251805,66,9754.0,0.0409288799441176,18,538.0,0.1033472159378998,28,1140.0,0.0250351833241459,53,2716.0,0.0734541769384102,43,2976.0,0.1444633754762322,51,5719.0,0.0485117760167831,13,335.0,0.1410015812115518,23,784.0,0.0669075921059309,31,1750.0,0.0054516830700697,3,100.0,0.5814315640184893,0,0.0,1.0,704,66799.0
1440.0,0.4972000000000003,603,655.5600000000001,26.222400000000004,1.824964214500255,15,1299.0,0.149851835109891,3,121.0,0.3458404049647062,7,303.0,0.3089478289890881,0,0.0,1.0,13,1777.0,0.0992703126705544,39,6867.0,0.164157732369808,40,4978.0,0.1011356710676525,6,405.0,0.1869133077017586,41,9674.0,0.036695859739192,42,5909.0,0.0133966449184394,16,1699.0,0.186146800036497,10,359.0,0.1769708732506175,40,2438.0,0.1317246300742444,43,4825.0,0.1412634979696053,64,9472.0,0.0581255722221725,13,478.0,0.1549313413834579,22,1085.0,0.0924650729209473,50,2707.0,0.1017925488702358,38,3000.0,0.1581884815388976,44,5605.0,0.0725515374152515,9,296.0,0.1671840068949921,18,637.0,0.1044796151101397,28,1540.0,0.0478989469650322,2,82.0,0.604774282475298,0,0.0,1.0,603,65556.0
1445.0,1.0467999999999995,510,629.3899999999998,25.175600000000003,2.58515830782227,9,1289.0,0.2069151428937501,0,54.0,0.6702278236757816,5,273.0,0.2289357132620907,0,0.0,1.0,10,1833.0,0.027540350672773,34,6636.0,0.1809271267225642,34,4611.0,0.1826470593324196,10,446.0,0.2093294739494749,44,9886.0,0.0391136395227551,39,5577.0,0.0268392474706171,17,1693.0,0.2303900503362449,8,328.0,0.4256882354797921,29,2446.0,0.161892743028102,43,4771.0,0.1150493118384012,58,8656.0,0.0532448420332779,5,335.0,0.4531137925357916,18,1034.0,0.2769548513475799,44,2556.0,0.1721606940961659,32,2758.0,0.1956555072021615,34,5606.0,0.0878877800107408,1,131.0,0.3180228958523911,11,589.0,0.3336629230088456,21,1402.0,0.1485629537022588,4,29.0,0.4588602391571562,0,0.0,0.6900042448590705,510,62939.0
1450.0,0.4096000000000001,488,619.1500000000002,24.766000000000005,2.8916338644935333,8,1289.0,0.179472254618973,0,-12.0,0.8433685472093344,7,249.0,0.1723902693061144,0,0.0,1.0,10,1884.0,0.0243915512277467,35,6677.0,0.1503461705061349,29,4248.0,0.2320772422287079,13,508.0,0.194223824673631,53,10129.0,0.0244387804485806,34,5498.0,0.049411843052314,18,1737.0,0.1863579633472916,10,271.0,0.5071965649481193,29,2505.0,0.176622505201517,40,4720.0,0.1042406556549373,50,8536.0,0.0953296188506257,1,192.0,0.5927438303674235,17,907.0,0.3563052371772797,36,2356.0,0.1729934751557565,26,2565.0,0.2606787025367732,38,5781.0,0.0646174179562739,2,61.0,0.4874113546847212,8,570.0,0.4609610622506801,16,1182.0,0.2576429424737421,8,62.0,0.2788999719847928,0,0.0,0.9145558166884789,488,61915.0
1455.0,-0.1947999999999999,491,624.02,24.9608,2.905187601523648,8,1314.0,0.240831566428485,0,-22.0,0.8279436264497667,11,262.0,0.1544258010664801,0,0.0,1.0,11,1933.0,0.0222176840726907,35,6734.0,0.1263905848423918,24,4190.0,0.3001059818534112,12,476.0,0.2791003860323081,58,10127.0,0.0088708208511231,31,5660.0,0.0234922173230787,24,1832.0,0.1227491072890899,10,232.0,0.5526596173903309,33,2604.0,0.1676169164058516,43,4798.0,0.1407864844009341,41,8490.0,0.0991304359194714,2,200.0,0.5908358348364477,15,857.0,0.3971667410910382,32,2299.0,0.1657548716392281,23,2508.0,0.2541298159071998,46,5992.0,0.024269871537038,2,44.0,0.416011633637068,9,518.0,0.5258613417227278,12,1248.0,0.1998106971936373,9,106.0,0.2206686850993772,0,0.0,0.9620868927887112,491,62402.0
1460.0,-0.7703999999999996,533,643.2799999999999,25.7312,2.534131349071549,12,1355.0,0.1925829022767164,0,-27.0,0.7234918660705411,13,323.0,0.1301727722836929,0,0.0,0.8600899959594925,14,1997.0,0.001647742105391,41,6891.0,0.0962895388993539,20,4164.0,0.3085524309080902,9,425.0,0.3202545983490689,59,10426.0,0.0080276862520202,30,5812.0,0.0314354906181742,31,1968.0,0.0588128460857975,10,302.0,0.5384838312087104,39,2763.0,0.1348505002314641,45,4962.0,0.1527299451907633,40,8691.0,0.0876877716126794,6,221.0,0.5046149304999191,12,855.0,0.3546274687851268,36,2352.0,0.1536110778864131,27,2573.0,0.2272573812286917,51,6237.0,0.0132729025651173,2,31.0,0.4087892039509502,10,531.0,0.4672449345457048,16,1324.0,0.1108126639634721,10,152.0,0.0460957466941831,0,0.0,0.9744426949722964,533,64328.0
1465.0,-0.4692000000000006,580,655.0100000000001,26.200400000000005,1.987012584581864,20,1422.0,0.0711947137392831,3,-25.0,0.4285553451024979,12,372.0,0.0106799307286599,0,0.0,0.8908896526242231,11,1626.0,0.0468838153674798,46,6953.0,0.0649696303778478,24,4244.0,0.2297407110673603,13,480.0,0.2164969406385557,63,10738.0,0.0063816212638646,30,5963.0,0.065460777273817,40,2144.0,0.0573339383154801,13,359.0,0.3803233468768264,37,2769.0,0.12781901990477,44,5183.0,0.1505786969724324,39,8800.0,0.0844701294274282,7,205.0,0.4023401695740554,9,814.0,0.2627372431564567,44,2560.0,0.1230402650388811,35,2732.0,0.1344339407156877,54,6501.0,0.0079907375039322,3,57.0,0.2881778560594631,9,371.0,0.3080867545801553,11,1021.0,0.0933891538394715,12,211.0,0.0381024320449062,1,1.0,0.220248982933338,580,65501.0
1470.0,-0.9519999999999998,639,678.8100000000001,27.152400000000004,1.6352308315435742,22,1506.0,0.0736351421050391,4,-11.0,0.4835417023078338,14,440.0,1.3944573088516776e-05,0,0.0,0.8727434693568361,6,1462.0,0.0912924299186712,48,7143.0,0.0704082636394061,31,4348.0,0.1559806057622504,14,548.0,0.1396556991428085,68,11073.0,0.0015201155658897,30,6112.0,0.0925871515054392,39,2334.0,0.0749565906930236,18,439.0,0.2730845171984631,39,2876.0,0.107191942451069,50,5423.0,0.1067951146355071,43,9014.0,0.0625474711215658,10,248.0,0.2798320932626981,14,828.0,0.1812652085133435,47,2795.0,0.1539877142420593,47,2945.0,0.0608519611037219,56,6778.0,0.005368564872734,4,77.0,0.3225040039892211,11,334.0,0.1909848441225676,10,891.0,0.1119431276497617,12,271.0,0.0026433663441022,2,7.0,0.0007794264465429,639,67881.0
1475.0,0.1636000000000005,606,674.7199999999998,26.9888,1.79456186609095,25,1608.0,0.1025081674736349,5,7.0,0.247259292129956,9,330.0,0.1624558991752368,0,0.0,0.8495418632631409,3,1421.0,0.2296034730450147,42,7182.0,0.10614997204135,35,4219.0,0.1227087178150055,7,423.0,0.1451211886521869,70,11114.0,0.0034489694275757,29,6183.0,0.1132920378365412,35,2321.0,0.089044352406105,18,423.0,0.2401116697855509,41,3051.0,0.09137745601439,50,5419.0,0.0937569988126849,48,9244.0,0.0291672827044717,10,276.0,0.2262620808582975,17,893.0,0.1777782600429157,39,2665.0,0.1611837719082382,42,2548.0,0.1135114543483748,49,6651.0,0.0145539305390035,3,13.0,0.5256031233777491,13,340.0,0.1267922206076678,9,920.0,0.1345103480683419,5,204.0,0.2756930189571188,2,17.0,0.0,606,67472.0
1480.0,-0.4224000000000005,632,685.2800000000001,27.4112,1.7982141019043314,26,1716.0,0.117126420106851,8,40.0,0.0866811096552078,5,365.0,0.2532082097014695,1,3.0,0.4062474142360714,6,1447.0,0.1697037480290288,42,7258.0,0.113003112779621,38,4367.0,0.0574527329923686,4,317.0,0.2846682650460996,65,11138.0,0.0145270068294616,33,6306.0,0.0733498921386106,32,2240.0,0.1483886581395002,18,408.0,0.2547805152735129,47,3277.0,0.0878121867843359,54,5685.0,0.1015194733397423,54,9533.0,0.0148982289653024,13,335.0,0.1352846202797465,23,994.0,0.1421226561702284,39,2757.0,0.1526086898484433,40,2405.0,0.1457295637876952,45,6334.0,0.0302057248370411,3,21.0,0.5579429334769673,18,412.0,0.0886481902906266,14,986.0,0.168334079597885,2,156.0,0.5385331827900092,2,28.0,0.4742328086703707,632,68528.0
1485.0,-0.6019999999999996,671,700.33,28.0132,1.735292800099636,26,1835.0,0.1171442233607226,10,86.0,0.087186408404741,6,391.0,0.2589544562020539,1,8.0,0.4471900928873635,10,1491.0,0.1340163756782541,43,7446.0,0.1363726499136219,41,4545.0,0.0114756280009951,3,320.0,0.2317351849738603,62,11457.0,0.0099635210884128,39,6487.0,0.0206041948952731,29,2171.0,0.1931958083286209,17,415.0,0.2355172184628143,53,3528.0,0.1116629064048277,58,5713.0,0.1168235540773425,57,9274.0,0.013598225700174,18,412.0,0.0654771458466321,30,1130.0,0.0825608832346418,39,2875.0,0.1284992234954953,39,2300.0,0.1362553068390372,44,6397.0,0.0478058997796683,3,31.0,0.4862113955659056,23,510.0,0.07720856434877,16,1069.0,0.208980293877978,2,108.0,0.5217448081762754,2,34.0,0.4138344892494645,671,70033.0
1490.0,-1.1904,715,730.09,29.2036,1.5087948354171403,29,1968.0,0.0362778750710353,10,131.0,0.0899551715157446,9,431.0,0.2383639004882675,1,13.0,0.4897784146086301,11,1544.0,0.1480742489867424,49,7659.0,0.1070640657562657,42,4751.0,0.0086231485560894,6,343.0,0.1159415142824965,63,11773.0,0.0107588178689951,42,6693.0,0.0010506381749077,29,2299.0,0.1621560968086584,19,505.0,0.1832122954194494,60,3811.0,0.1262688587742951,59,5755.0,0.0944798248284355,60,9564.0,0.0119852779267187,20,510.0,0.0582256017061207,35,1285.0,0.0606752763798854,40,3068.0,0.108147809657729,36,2488.0,0.1693619003436704,44,6463.0,0.0484534371358313,4,46.0,0.4427659938988696,25,630.0,0.0650370682502417,18,1150.0,0.2537521309471278,2,90.0,0.5051478908357054,2,39.0,0.3680536398779274,715,73009.0
1495.0,-0.0679999999999993,691,731.7900000000001,29.271599999999992,1.4134825345346615,26,1929.0,0.0701689797474173,11,178.0,0.0711215130875948,8,379.0,0.1726688116015694,1,18.0,0.4313273162313041,11,1599.0,0.1243961795934565,44,6949.0,0.1062902378034287,39,4431.0,0.0412203055465932,8,380.0,0.0918110835203001,61,12084.0,0.0124323673663417,43,6907.0,8.462606306670581e-07,26,2097.0,0.16976441279655,12,460.0,0.177729771400028,56,3823.0,0.1234982894418147,58,5997.0,0.087062071923267,60,9358.0,0.0154008304825111,20,610.0,0.0410287868897932,33,1341.0,0.0722984001566472,39,3129.0,0.0592145261472964,36,2667.0,0.1657226374503225,43,6680.0,0.0476171704264858,4,61.0,0.4589178931253806,26,757.0,0.0356993950595001,22,1248.0,0.1773472540722429,4,108.0,0.4484290566553914,0,-11.0,0.6708624866055817,691,73179.0
1500.0,0.375999999999999,615,722.3899999999999,28.895599999999995,1.5766643004027572,19,1998.0,0.1163062304084967,7,210.0,0.1822377129032263,5,378.0,0.0522066726644911,0,1.0,0.8617724559517062,9,1227.0,0.0082459352454217,39,6584.0,0.1278991400607758,29,4191.0,0.1302409638199352,7,420.0,0.0701672277347445,58,12379.0,0.0135490227961335,41,7120.0,0.0112516029221995,18,1966.0,0.2112132438038836,8,376.0,0.2262614244559314,58,3975.0,0.1161700979895156,52,6194.0,0.0783381611635624,53,9085.0,0.0405344141143477,15,598.0,0.1157965673590039,31,1334.0,0.1124312483290265,40,3074.0,0.0679673144965555,35,2687.0,0.140097726811497,43,6479.0,0.0734339495739919,2,10.0,0.3456835024531471,21,731.0,0.088710232775457,21,1151.0,0.1447112007304306,4,92.0,0.297971964582022,0,-21.0,0.7312023049629238,615,72239.0
1505.0,0.3783999999999997,551,712.93,28.517200000000003,2.15148133686525,18,2029.0,0.1234681892284838,2,153.0,0.4886859962450069,6,377.0,0.0288032805755217,1,3.0,0.0038847269550682,6,1263.0,0.0829567157132674,40,6641.0,0.0822413699805835,21,3977.0,0.2154132533294666,9,462.0,0.2280133617450312,57,12668.0,0.0119827815979795,40,7323.0,0.0427587814150496,18,1962.0,0.2404313678181616,9,321.0,0.3559052584185309,49,3967.0,0.1206335332612645,49,6374.0,0.0672214216019137,43,8478.0,0.0612099240963415,8,435.0,0.3031397020352788,23,1205.0,0.2259084816491325,36,2849.0,0.1435068073952219,35,2668.0,0.1510932994790875,39,6455.0,0.0425764677185427,3,-32.0,0.4481442083338925,12,496.0,0.235880647938672,19,1166.0,0.1076809681307477,7,82.0,0.2794877184647953,1,-29.0,0.0655058929194149,551,71293.0
1510.0,-0.4228000000000002,533,723.5000000000001,28.940000000000005,2.411143313881225,15,2099.0,0.1381356000853562,1,95.0,0.6240016335227125,10,417.0,0.0173110543421304,1,8.0,0.0,5,1288.0,0.0706560533308206,42,6778.0,0.10031140385903,17,3742.0,0.299934653076143,9,507.0,0.214861159687743,63,12977.0,0.0058495887649926,39,7523.0,0.0431057466132929,19,2014.0,0.2457996226095049,13,318.0,0.4666308614773073,49,4116.0,0.0940795972610098,49,6479.0,0.075681610989799,35,8471.0,0.0903729401580664,3,320.0,0.5231269093019498,22,1305.0,0.2999013696476207,32,2758.0,0.1335301247338117,31,2736.0,0.185995755996004,40,6654.0,0.0160956280809802,2,-30.0,0.6270650446550101,6,424.0,0.3840415739970332,20,1261.0,0.1135236234749381,7,117.0,0.3008819938009298,3,-27.0,0.2358149153615338,533,72350.0
1515.0,-0.4479999999999996,576,734.6999999999999,29.388,2.3387360260897814,13,2155.0,0.1083309506888059,1,42.0,0.7170559911835825,13,472.0,0.0031314282812955,1,13.0,0.0,8,1323.0,0.0060858609823453,47,6913.0,0.0567991659750595,12,3402.0,0.3454991568843328,9,552.0,0.2240470191379899,68,12980.0,0.0005483145192914,43,7731.0,0.0012074977172807,27,2115.0,0.2057582817765968,14,314.0,0.5107598404773962,51,4287.0,0.1157918941781082,50,6699.0,0.0889455228155343,35,8543.0,0.1067575931916226,0,264.0,0.4058490325391605,23,1412.0,0.287494488728965,34,2692.0,0.0913406098078232,37,2769.0,0.1815710553269941,45,6877.0,0.0078142155476987,2,-23.0,0.518459398694136,6,422.0,0.3991706866969374,26,1383.0,0.0656554932941344,8,155.0,0.242199754970946,3,-22.0,0.2285687558278351,576,73470.0
1520.0,-1.0699999999999998,637,761.4500000000002,30.458,1.840710543508412,15,2200.0,0.1017459867644961,3,41.0,0.6004722327205315,14,541.0,7.826675258226745e-05,1,18.0,0.0,11,1375.0,0.0002247844615615,55,7063.0,0.0286027669131526,15,3402.0,0.354472110127024,9,597.0,0.2037294458576437,66,13315.0,0.0064559091247755,42,7942.0,0.0012052213798976,33,2253.0,0.1158367259407876,15,387.0,0.4564814125776606,53,4553.0,0.1135149645794229,60,6958.0,0.084425677707865,38,8675.0,0.0952498267416081,3,274.0,0.278794642883548,24,1533.0,0.2264139923156619,34,2794.0,0.099823421915345,41,2966.0,0.0648093601144186,48,7108.0,0.0079030819176682,3,-20.0,0.431876650002339,10,461.0,0.2572933748201722,32,1529.0,0.012850689909281,9,197.0,0.0992530125418467,3,-17.0,0.2210898902548132,637,76145.0
1525.0,-0.4116,663,771.74,30.8696,1.46294748296045,20,2264.0,0.0792009911126503,4,54.0,0.4573535760997457,14,611.0,4.727360834297409e-07,0,0.0,1.0,6,1015.0,0.0944208352650833,58,7183.0,0.022912528810448,23,3461.0,0.2579579720297005,10,644.0,0.0388427452750478,61,13090.0,0.0114651454948744,42,8153.0,0.0316717818601934,39,2433.0,0.0779160880706067,19,474.0,0.3590833286309396,53,4626.0,0.0877393988545999,65,7264.0,0.0658838974416842,41,8873.0,0.0721387414417838,1,241.0,0.2188869585000698,21,1420.0,0.1475545226138001,39,2981.0,0.1038513157335051,48,3196.0,0.0240571569654036,47,7333.0,0.0067860618623071,5,-13.0,0.4115620683911283,6,349.0,0.3043335809145954,26,1291.0,0.0488297236803468,11,243.0,0.0003543618238136,4,-12.0,0.0053766523418657,663,77174.0
1530.0,-1.0836000000000012,698,798.8299999999999,31.9532,1.2091795204889113,24,2350.0,0.0759065049035187,9,85.0,0.1373638544012523,14,681.0,0.0,0,0.0,1.0,3,846.0,0.1603050168231634,60,7365.0,0.0263296431511837,35,3570.0,0.1458000754364727,12,703.0,3.6802220692100606e-06,59,13388.0,0.0125340653622048,45,8376.0,0.0515356714691863,43,2636.0,0.0669592321396608,24,585.0,0.2180178717618354,53,4806.0,0.0655721729010506,73,7612.0,0.0385189089781669,41,9079.0,0.0642672309199339,5,261.0,0.1773042925900325,20,1467.0,0.112771523339798,41,3171.0,0.1528130779201716,50,3445.0,0.0236124497921174,46,7554.0,0.0075713579921743,5,-2.0,0.3005985671968074,4,296.0,0.2901884320229735,18,1318.0,0.0607360081065438,10,293.0,0.0839925057625883,4,-2.0,0.1829930775942871,698,79883.0
1535.0,0.1616000000000015,634,794.7900000000001,31.791600000000003,1.6011187034186485,21,2249.0,0.1441348931214179,9,88.0,0.1872459308728423,9,588.0,0.1903980479784874,0,1.0,0.6265486393581787,5,799.0,0.1389863771649943,54,7386.0,0.0669609668871318,38,3689.0,0.0745923126938782,8,659.0,0.1761473182983911,55,13314.0,0.013956126599413,45,8559.0,0.0264993790566952,34,2235.0,0.0883101567064304,29,610.0,0.1750098417038255,42,4511.0,0.0725897737010967,78,7984.0,0.0292149785411697,44,9316.0,0.0476519272593642,8,287.0,0.1310834895166875,10,1398.0,0.1939580750774546,31,3050.0,0.1842073044146792,46,3617.0,0.0767274750705335,40,7406.0,0.0208122871603575,4,-26.0,0.3768102510912959,6,274.0,0.2904671004991075,14,1293.0,0.1031522173420808,3,160.0,0.362032073302755,1,32.0,0.5277568342833019,634,79479.0
1540.0,-0.3692,636,804.0199999999998,32.1608,1.835555632418325,21,2327.0,0.1315386688775112,12,136.0,0.0682748807666904,4,481.0,0.2528468016330426,0,1.0,0.8580094511778477,6,828.0,0.1322736032778255,46,7407.0,0.0995606035990669,43,3875.0,0.0504020162808677,4,635.0,0.3557556187919539,48,13566.0,0.0178063410935558,46,8787.0,0.0001778707788546,26,1769.0,0.1242341282702051,28,701.0,0.2292744002524518,40,4393.0,0.1227851732261031,82,8382.0,0.0408519194778233,46,9543.0,0.0291187745214663,12,341.0,0.229590843902526,18,1414.0,0.1655806623505644,32,3138.0,0.1842807219436824,50,3803.0,0.0829759547718479,34,7080.0,0.0380025497306756,4,-16.0,0.46580409338284,10,317.0,0.3271554893660599,21,1380.0,0.1185804824250478,2,102.0,0.4066213251365837,1,12.0,0.7071385708302356,636,80402.0
1545.0,-0.2416000000000004,662,810.0600000000002,32.4024,1.829209637653035,23,2422.0,0.0684816949366933,12,186.0,0.0728146792068879,0,352.0,0.4282297899259923,0,1.0,0.8898526228509658,6,858.0,0.1288753133110506,45,7566.0,0.1177589690844056,44,4082.0,0.0196775021297452,7,661.0,0.3838694977488461,45,13800.0,0.0176828321390121,47,9022.0,1.70753800261411e-07,22,1303.0,0.1659100645576731,26,837.0,0.2191132816922065,42,4135.0,0.1325157780731067,84,8239.0,0.0595447780827358,53,9792.0,0.008733625730993,15,409.0,0.2855322931369358,28,1515.0,0.1440046966002082,35,3283.0,0.1424071431817556,48,3695.0,0.102270952343449,34,6934.0,0.0567053962639743,6,3.0,0.3109732002398335,14,371.0,0.2022350332714915,21,1482.0,0.1282515879465647,3,49.0,0.3496784709534541,2,9.0,0.5997926727960761,662,81006.0
1550.0,-0.9815999999999996,682,834.5999999999998,33.38399999999999,1.7203734846456789,23,2533.0,0.064588325073046,12,236.0,0.0125736543542816,1,289.0,0.4090679557658015,0,1.0,0.9149008897538304,6,888.0,0.1328539007700152,49,7747.0,0.0921192328908283,44,4276.0,0.021304784085064,8,700.0,0.3916663038203926,47,14032.0,0.0167293294275504,47,9257.0,0.0,15,1165.0,0.2508031122299031,28,976.0,0.1703969085775558,42,4214.0,0.1416444966109371,85,8659.0,0.037215359702495,56,10065.0,0.0006636705525889,14,474.0,0.3815663768887545,36,1655.0,0.1198213079723738,41,3458.0,0.0750238471405304,44,3768.0,0.1548463842748814,35,6956.0,0.0712224778879903,4,11.0,0.3810018154572642,16,440.0,0.1229856817145299,25,1596.0,0.1554531276913422,2,59.0,0.4469748281605887,2,5.0,0.6096060832883307,682,83460.0
1555.0,-0.2211999999999996,678,840.1299999999999,33.6052,1.4898866637848285,17,2220.0,0.1248599086098525,11,326.0,2.2737017322770724e-06,4,303.0,0.1694943621378973,0,1.0,0.8149310964854684,6,918.0,0.1314618554749412,46,7048.0,0.0725590144486733,39,4216.0,0.0386701040727992,8,740.0,0.3622161439866623,45,14254.0,0.0179333047037582,47,9492.0,0.0,15,1227.0,0.1885876825134388,26,963.0,0.0963071258702336,44,4431.0,0.1313780336090135,83,8885.0,0.0214469758064914,54,10049.0,0.0075549377532129,15,538.0,0.3692076603593919,36,1643.0,0.0852487441974936,43,3318.0,0.0549704954509503,42,3983.0,0.1266738551684253,40,7142.0,0.0443923883112625,7,25.0,0.1984150259286901,20,529.0,0.1209284433984096,26,1720.0,0.1223532579545507,4,75.0,0.3822070237649394,0,-33.0,0.9124117389033304,678,84013.0
1560.0,0.1251999999999988,608,837.0,33.48,1.500712367430529,9,2049.0,0.1973940819445811,7,272.0,0.1267190014598844,6,328.0,0.0135604110621922,0,1.0,0.8508851199095954,3,731.0,0.0815702111316818,35,6648.0,0.0690646096140092,33,4303.0,0.0957671599130894,9,787.0,0.3078884786210758,38,14453.0,0.018928784189388,47,9729.0,0.0107408715800534,15,1238.0,0.1875544567308028,23,1018.0,0.0838076408243708,44,4446.0,0.1176424611690625,75,8976.0,0.0237772661996355,47,10217.0,0.0301277690264823,10,502.0,0.4072745502274279,37,1602.0,0.0901040646374236,41,3416.0,0.0846124025318357,40,3961.0,0.1119989053407607,41,6869.0,0.0319473394174009,4,26.0,0.3197441154414093,17,504.0,0.0997275580642317,26,1662.0,0.0664377978685346,1,10.0,0.5557671098349283,0,-48.0,0.6461515265982868,608,83700.0
1565.0,-0.0779999999999992,565,838.9499999999999,33.558,1.8260806835647931,9,2007.0,0.2604541784774603,2,195.0,0.3791514001960472,9,367.0,0.0002787860700275,2,5.0,0.0231339220504016,3,745.0,0.0452943695330662,30,6480.0,0.1161033779574291,24,4194.0,0.1874322120145072,11,837.0,0.1847237338070468,42,14659.0,0.0188330952973117,46,9605.0,0.02013852284414,15,1163.0,0.2649703465904311,19,1015.0,0.145900370036281,36,4450.0,0.0976521313083248,72,9335.0,0.0242273846794786,42,10278.0,0.0321431505747837,8,502.0,0.3655128679638693,38,1462.0,0.1894508723446376,40,3299.0,0.0947355502998196,38,4072.0,0.0986230269728804,41,7070.0,0.0337905819242778,2,10.0,0.4781420360926402,9,501.0,0.2447802038857055,23,1684.0,0.0486930949233478,2,18.0,0.5611367288802656,2,-58.0,0.1932195067815289,565,83895.0
1570.0,-0.2847999999999998,565,846.07,33.842800000000004,1.962187148918024,11,2031.0,0.1815064599076687,0,131.0,0.639989267467339,9,412.0,1.5852011050194802e-06,3,18.0,0.0003215725670399,6,771.0,0.0001830869657137,32,6401.0,0.107531249277298,15,4160.0,0.2329476229378961,13,899.0,0.1342693900641826,50,14901.0,0.0117528475081846,41,9482.0,0.0209419617293379,19,1145.0,0.177352299479407,19,999.0,0.253019491005487,38,4379.0,0.111960644698891,63,9395.0,0.0373775778892236,42,10376.0,0.068465374539275,8,521.0,0.2678382332385415,35,1450.0,0.2426929296299663,38,3274.0,0.1172634814462401,40,4258.0,0.0809868613909376,43,7282.0,0.0431675082782628,3,14.0,0.1704611670374048,10,543.0,0.2969274982735326,21,1793.0,0.039577697335263,2,28.0,0.606590005237252,4,-56.0,0.1882391407087356,565,84607.0
1575.0,-0.7184000000000005,597,864.03,34.5612,1.8631602174454451,12,2071.0,0.146587103307485,0,70.0,0.6719848669665209,9,457.0,0.0,3,33.0,2.441488079078304e-06,6,801.0,2.175298667482772e-06,42,6492.0,0.0769119441344765,18,4147.0,0.2256672675891295,13,782.0,0.1828411540525614,57,15171.0,0.0074497274416019,41,9685.0,0.0139778674374997,22,1241.0,0.1665077473612947,26,1051.0,0.2534666718032193,37,4572.0,0.1429269140641421,54,9585.0,0.0489586123961118,42,10562.0,0.0676622100562688,15,577.0,0.320154437192453,33,1374.0,0.2094182211136372,36,3258.0,0.1176400241084412,42,4464.0,0.0549444372386087,42,7492.0,0.0415315159963503,4,28.0,0.1838228147662289,12,592.0,0.2221453432776653,25,1911.0,0.0188826059054404,2,38.0,0.5058472376701061,4,-51.0,0.1704142388057455,597,86403.0
1580.0,-1.0140000000000005,652,889.3799999999999,35.5752,1.627438998340108,14,2146.0,0.11502384732477,1,73.0,0.5911571888343132,9,502.0,0.0,3,48.0,0.0,6,831.0,0.0,51,6615.0,0.0683103184272551,27,4149.0,0.2053284022239088,13,659.0,0.1856361020756858,61,15470.0,0.0031316313999882,39,9884.0,0.0169697331811781,23,1352.0,0.1266541017506487,31,1180.0,0.2087562622875882,44,4780.0,0.1333187899047621,58,9836.0,0.0451666816535769,41,10765.0,0.0670949029807578,20,649.0,0.2460453489459273,34,1449.0,0.1662512477825917,36,3399.0,0.105298782737754,45,4699.0,0.0924097968616898,41,7698.0,0.0250607775387036,4,43.0,0.2979045223368672,17,668.0,0.1656250443148754,27,2041.0,0.0113883706174807,3,48.0,0.3844902162798628,4,-46.0,0.1945133180709784,652,88938.0
1585.0,-0.3803999999999998,669,898.89,35.9556,1.4242847353725725,21,2203.0,0.0348015615799878,4,87.0,0.3801502027732766,9,547.0,0.0,0,15.0,0.4794885667130318,1,456.0,0.1614629202125336,53,6729.0,0.046990738021586,32,4228.0,0.1576870025683428,15,728.0,0.1099994411344881,66,15792.0,0.0010239810330036,37,10073.0,0.0365780469897975,26,1460.0,0.0949365443104235,37,1353.0,0.1691340495535301,43,4709.0,0.1117798192299532,63,10140.0,0.021761810498738,41,10967.0,0.0669025538310232,19,561.0,0.1772435824881428,37,1423.0,0.1279126380784302,39,3584.0,0.0994028979194276,44,4923.0,0.0953112202925325,41,7474.0,0.0175077013578017,4,81.0,0.3970217274875444,12,477.0,0.1299016600775574,18,1876.0,0.0446524251250533,3,43.0,0.2230633299282072,4,-40.0,0.2961739076681014,669,89889.0
1590.0,-0.7935999999999995,681,918.73,36.7492,1.210946644229527,23,2284.0,0.0453729982593847,8,117.0,0.0356691749485649,9,592.0,0.0,0,0.0,1.0,1,296.0,0.0414873035818481,51,6889.0,0.046990874421195,37,4336.0,0.0923097546800285,17,812.0,0.1522389092466932,61,15796.0,0.0065837077230035,38,10260.0,0.0602276602221298,27,1576.0,0.0862887033469859,42,1552.0,0.1308851587747527,41,4773.0,0.0782240122972574,71,10517.0,0.014644769198169,39,11163.0,0.0645728073206371,19,561.0,0.1019856097066072,37,1477.0,0.1398010608481418,41,3777.0,0.1094025022404973,46,5152.0,0.0585697679984651,38,7510.0,0.0077550163399398,3,97.0,0.5366622142052023,13,471.0,0.1040743191714281,11,1839.0,0.0792653269778183,3,58.0,0.2056165751096819,5,-32.0,0.3955846653578214,681,91873.0
1595.0,0.2399999999999994,630,912.73,36.5092,1.6201388361633215,24,2153.0,0.0973507260838825,10,162.0,0.000462217341168,4,415.0,0.2789039211993733,0,1.0,0.6561169884487623,2,273.0,0.0007061073736443,50,6934.0,0.0761118440052734,39,4458.0,0.051030473154201,8,570.0,0.291298450615762,54,15703.0,0.0115696855773584,43,10465.0,0.0067740070408922,18,1053.0,0.1422247731208299,38,1412.0,0.1564522178799481,37,4744.0,0.1227099552231646,74,10886.0,0.026126169002093,40,11357.0,0.0243966619888209,15,542.0,0.1779805294412103,31,1480.0,0.1784106785447797,36,3681.0,0.1324497245928581,43,5302.0,0.0894322689759378,35,7318.0,0.0212334213201624,1,27.0,0.6440513005182137,13,485.0,0.1227439547614329,12,1802.0,0.0976816299501141,1,12.0,0.6380105226073726,2,38.0,0.6245468944955027,630,91273.0
1600.0,-0.4875999999999995,618,924.92,36.9968,1.893727244829725,23,2260.0,0.0605179356734572,10,212.0,2.1138584454050708e-06,0,273.0,0.5531597823746142,0,1.0,0.9129925637572,2,283.0,0.0,48,7069.0,0.0654176015329062,42,4598.0,0.0322626180326971,4,319.0,0.4321743083055433,51,15960.0,0.010547810639162,47,10694.0,0.000571488490409,14,935.0,0.1585688243792158,33,1284.0,0.2088250467346402,37,4838.0,0.164067579144489,77,11268.0,0.0437658372678081,46,11576.0,0.0060718258488609,12,533.0,0.2671815981678095,27,1495.0,0.2302482690577796,36,3788.0,0.1207867827125161,47,5462.0,0.1130794084461896,29,7138.0,0.0414042541540851,2,15.0,0.734363538805246,13,553.0,0.1643061177394253,15,1873.0,0.0697727952246649,1,17.0,0.6172532749513511,2,48.0,0.5883861287734314,618,92492.0
1605.0,-0.2248000000000002,646,930.5400000000004,37.2216,1.906794666187684,24,2369.0,0.0420051265209074,10,262.0,0.0,0,137.0,0.7043809440566523,0,1.0,0.8908086414770642,2,293.0,0.0,53,7263.0,0.0447948475397442,45,4774.0,0.0003725776418039,1,251.0,0.5836047664784426,52,16213.0,0.0119934367935787,49,10938.0,1.3530110095149086e-05,13,990.0,0.1466033936084995,31,1436.0,0.1903399775513229,46,5017.0,0.1324163597763615,77,11040.0,0.0553443809557138,49,11459.0,0.0055080897397137,13,532.0,0.3105652017068052,32,1562.0,0.2118956841347765,36,3582.0,0.1206182399393797,45,5281.0,0.13042931623564,28,6967.0,0.0577810505263653,2,25.0,0.7134974022125723,15,622.0,0.1814625236297796,19,1959.0,0.096148324976056,1,22.0,0.7077278079261109,3,59.0,0.4839199402339544,646,93054.0
1610.0,-1.0119999999999991,685,955.8399999999998,38.2336,1.4788520327862067,22,2460.0,0.0416033329776824,10,312.0,0.0,1,76.0,0.6329768196978295,0,1.0,0.9323642842424468,2,303.0,0.0,57,7504.0,0.0310215256366428,46,4981.0,8.52465060967411e-06,1,240.0,0.5999499138162233,50,16464.0,0.0118691306820026,49,11183.0,1.3189122517912814e-07,15,1052.0,0.1106836313863659,35,1604.0,0.091323861788718,53,5271.0,0.0894950312485868,80,11428.0,0.0417727745378043,47,11337.0,0.0123598343691664,17,574.0,0.2697759216342966,39,1704.0,0.1346403417757383,37,3741.0,0.0750830437101925,43,5493.0,0.1639498417983963,32,6960.0,0.0354005931443217,4,24.0,0.6211014196389899,18,705.0,0.0718862529754129,22,2065.0,0.0825680017768605,1,28.0,0.7399917860083356,4,74.0,0.0208374587504072,685,95584.0
1615.0,0.029199999999999,686,955.1100000000002,38.20439999999999,1.2813585786614703,16,2304.0,0.0709217816095354,10,362.0,7.422253516198203e-07,2,86.0,0.5388148299973782,0,1.0,0.929539150818678,2,313.0,0.0,50,6613.0,0.0676911782531237,41,4666.0,0.0491767055611764,3,252.0,0.3413316351864224,49,16708.0,0.0119267862390415,49,11428.0,0.0,15,1027.0,0.1271257344411166,27,1548.0,0.0869209533267664,59,5551.0,0.0709580644513791,80,11533.0,0.0264156645511244,44,11209.0,0.0081501558740391,21,627.0,0.2528464406018056,41,1769.0,0.0599244551851028,42,3602.0,0.0479352118711629,42,5696.0,0.1466939739415559,37,7131.0,0.0044286710691936,6,43.0,0.4231155045547555,22,810.0,0.0216881919359058,25,2182.0,0.0600052858717025,2,35.0,0.5791312460166708,1,15.0,0.2857652862276521,686,95511.0
1620.0,0.3524000000000008,623,946.3000000000002,37.852,1.411881349717957,11,2312.0,0.0823457166484525,7,341.0,0.1370628357478429,3,101.0,0.4870163663038582,0,0.0,0.8826414746212753,0,0.0,1.0,39,6113.0,0.0926850286302217,31,4182.0,0.1330248690689975,7,88.0,0.0829387304976696,47,16942.0,0.0129613270818567,47,11670.0,0.011539097778679,11,1010.0,0.1557174643367261,18,1569.0,0.1091128470056111,60,5863.0,0.073032196762398,74,11521.0,0.031029499566423,40,11386.0,0.0201387998030385,19,559.0,0.209522856130179,44,1723.0,0.0579901140427369,39,3567.0,0.0773790475106418,37,5671.0,0.1320008970736904,39,7039.0,0.0284434531613001,6,69.0,0.2918374657907483,19,787.0,0.0827783893415396,22,2095.0,0.0606264099217447,1,9.0,0.8179002982462317,2,13.0,0.0009192753160585,623,94630.0
1625.0,-0.0992000000000002,594,948.78,37.9512,1.6726780407106978,12,2243.0,0.1520990027168218,2,240.0,0.3375943144635708,6,123.0,0.2504600079714821,0,0.0,0.0909523076682194,0,0.0,1.0,34,6079.0,0.0800178754112253,19,4088.0,0.2365085931848388,10,132.0,0.010009418905392,51,17187.0,0.0088027473164702,46,11905.0,0.0308071912683739,8,919.0,0.2682617960784188,14,1430.0,0.132661753311538,69,6190.0,0.059932465509595,65,11307.0,0.0395570198271522,38,11572.0,0.0576365007566499,17,361.0,0.2352623495477215,46,1619.0,0.0990715255527338,35,3410.0,0.1239152936513472,40,5860.0,0.1204593738528425,38,7225.0,0.008886786132796,7,52.0,0.2487692926631036,17,790.0,0.1814582331760043,17,2109.0,0.0620213042341295,1,14.0,0.6480313274819672,2,23.0,0.0,594,94878.0
1630.0,-0.3996000000000005,607,958.77,38.35080000000001,1.6719570070597194,13,2238.0,0.0964604651998299,0,152.0,0.5802876581662166,8,158.0,0.0983990859404599,1,4.0,0.0,0,0.0,1.0,40,6181.0,0.0653353904619167,14,3869.0,0.2503128597620338,12,189.0,0.0002594761391608,53,17441.0,0.006410075246342,46,11751.0,0.0010631356555579,11,948.0,0.3525998300294537,16,1440.0,0.1825019769398515,73,6545.0,0.0557477388884644,59,11315.0,0.0450915128616217,40,11754.0,0.101051250250419,13,303.0,0.258183222700397,48,1596.0,0.1361388639627627,32,3333.0,0.1188918530322643,45,6061.0,0.0621288245692924,35,7400.0,0.009238127504214,10,76.0,0.2218492052334833,14,867.0,0.2104670457188358,20,2199.0,0.0298008603427197,2,24.0,0.6517847821195139,2,33.0,0.0,607,95877.0
1635.0,-0.7871999999999997,632,978.45,39.13799999999999,1.5344315103307709,15,2247.0,0.049226963950071,0,77.0,0.6441098599657307,11,209.0,0.0802753191054396,1,9.0,0.0,0,0.0,1.0,47,6306.0,0.0373223670293873,14,3722.0,0.2672651413327061,12,249.0,3.321968202804833e-06,58,17713.0,0.0046875206618041,43,11976.0,0.0089724089742666,14,996.0,0.3396849010450987,23,1453.0,0.1458295602334122,77,6838.0,0.0424965509112107,58,11520.0,0.0363157244339565,37,11915.0,0.1207485726118541,10,200.0,0.2834731427869082,44,1773.0,0.1426093230213944,31,3332.0,0.1291342774507328,48,6285.0,0.0473306007476046,36,7574.0,0.010635828398919,11,126.0,0.2294975269694547,15,939.0,0.1213357733224771,22,2307.0,0.0149889076366551,3,36.0,0.3549836058716288,2,43.0,0.0,632,97845.0
1640.0,-1.1163999999999998,667,1006.3599999999998,40.2544,1.305948199835959,15,2262.0,0.0765577915700939,0,42.0,0.5878538202073247,11,264.0,0.0694075178108082,1,14.0,0.0,0,0.0,1.0,52,6446.0,0.0504528080182871,22,3771.0,0.2107613499021216,12,309.0,0.0,61,17997.0,0.0021083178054064,41,12187.0,0.0070329134771202,15,1045.0,0.2722092112970194,30,1609.0,0.1576800032871494,86,7243.0,0.0204386144263975,55,11766.0,0.0360097338886042,38,12063.0,0.1089224706654106,8,141.0,0.212103224828623,44,1968.0,0.0904746656938656,35,3502.0,0.0970916920070479,48,6539.0,0.070797829867813,34,7741.0,0.0096425555154965,12,178.0,0.2374225953488558,19,1024.0,0.0807683830587473,23,2422.0,0.0403231333343943,3,50.0,0.2109471684303012,2,53.0,0.2842220790487084,667,100636.0
1645.0,-0.5040000000000004,667,1018.9599999999998,40.7584,1.284941541975709,19,2286.0,0.045331262889971,2,48.0,0.608902021697209,11,319.0,0.0686787262806993,0,0.0,1.0,0,0.0,1.0,51,6503.0,0.0503251581722603,21,3784.0,0.1905284043700977,12,369.0,0.0,64,17940.0,0.0009997689291955,42,12395.0,0.0087551996259049,17,1102.0,0.2124076368503482,35,1777.0,0.1454495399200164,87,7430.0,0.0110034058198574,58,12031.0,0.0287885874554891,39,12242.0,0.0843616806449905,9,134.0,0.1828103132861644,37,1922.0,0.1018682871527442,39,3690.0,0.1089072749379032,48,6780.0,0.0738030257363362,34,7905.0,0.010491300177946,11,224.0,0.1971544243286265,12,848.0,0.1165453472670191,13,2051.0,0.0794225756855086,4,53.0,0.1816960586724697,2,63.0,0.3214853626650574,667,101896.0
1650.0,-1.0516000000000003,682,1045.25,41.81,1.09368308014422,25,2332.0,0.0112858669053304,2,47.0,0.5472141655972584,12,375.0,5.493017158653008e-05,0,0.0,1.0,0,0.0,1.0,48,6650.0,0.0471286963427536,23,3850.0,0.1399225569894717,12,429.0,0.0,61,18236.0,0.006506188967148,41,12604.0,0.0074181641607839,20,1163.0,0.1310143836909429,41,1972.0,0.1162618280699499,86,7872.0,0.0128745072019564,64,12380.0,0.0266323145903308,41,12432.0,0.0432668062736441,13,132.0,0.1595524442067104,34,1954.0,0.111873160306246,39,3852.0,0.1112072522585403,50,7021.0,0.0634255547023904,32,8062.0,0.0094066104182584,14,283.0,0.0283556588282333,9,824.0,0.1233007075636117,9,1909.0,0.0856629348001409,4,73.0,0.1914508829903719,2,73.0,0.2840829048152245,682,104525.0
1655.0,0.4620000000000006,639,1033.7,41.348,1.4513833588742389,24,2140.0,0.0163302851119598,6,52.0,0.2932195053365078,8,344.0,0.1631559991841299,0,0.0,1.0,0,0.0,1.0,51,6787.0,0.0612362936021627,27,3925.0,0.0838712321813201,7,369.0,0.0639628261717931,54,18082.0,0.009107847245373,44,12819.0,0.0041776529592012,18,873.0,0.1663155397875883,37,1811.0,0.131963088883293,78,8030.0,0.0376522944267865,65,12394.0,0.0443151132848151,44,12640.0,0.0078079510235358,11,68.0,0.1582990296436744,26,1745.0,0.1678055619147928,39,3916.0,0.1266898554081792,40,6486.0,0.1290655789258174,26,7834.0,0.0297731703052993,8,216.0,0.2583887398715167,10,833.0,0.2013553435104021,13,1937.0,0.0683668538305164,2,29.0,0.5955609272126081,1,40.0,0.4916646660721416,639,103370.0
1660.0,-0.4127999999999998,628,1044.0200000000002,41.7608,1.6092863498347,22,2228.0,0.0150826597410413,9,76.0,0.1382151782669565,6,374.0,0.2701257000570059,0,0.0,1.0,0,0.0,1.0,56,6968.0,0.0535294660163283,29,4017.0,0.046135247095154,2,250.0,0.3690622876041398,50,18335.0,0.0116785009649066,47,13047.0,0.0010117868855441,14,703.0,0.1757937811915679,35,1610.0,0.1161100989848466,78,8384.0,0.0642624767401385,66,12708.0,0.0603318208527893,46,12870.0,0.0061881251264491,14,34.0,0.1178654895684755,20,1639.0,0.2210132674617803,41,3973.0,0.11392012616442,33,6212.0,0.1617318426361294,26,7761.0,0.0106460006841433,4,239.0,0.331248088251185,12,882.0,0.2161700498947478,15,2006.0,0.0544531052147806,2,41.0,0.6420029105669629,1,45.0,0.4772762303526432,628,104402.0
1665.0,-0.65,672,1060.2699999999998,42.41079999999999,1.499067978317014,22,2324.0,0.0456165646323694,12,119.0,0.0676031169158264,7,406.0,0.3617866085975957,0,0.0,1.0,0,0.0,1.0,59,7205.0,0.0571772124173184,33,4157.0,0.0124790554652272,0,140.0,0.6722003077270902,50,18579.0,0.0120053227637862,50,13294.0,3.550214562499449e-05,11,557.0,0.2499260408542249,34,1524.0,0.1163977109063507,78,8705.0,0.0679854394720075,74,13053.0,0.0584724609899012,47,12718.0,0.0053200443475378,18,131.0,0.0452670781077274,24,1664.0,0.2117558098370543,50,4140.0,0.0912583178283482,32,6022.0,0.1485077143895625,28,7900.0,0.0094520784810162,9,260.0,0.3247872615879267,14,940.0,0.1558332644789879,16,2083.0,0.0525254117898719,2,51.0,0.6405476912967777,2,55.0,0.5288223102497553,672,106027.0
1670.0,-1.1208000000000011,710,1088.29,43.531600000000005,1.2678758463606867,21,2407.0,0.0159227676186243,13,182.0,0.0126978097237295,10,452.0,0.3183687946179368,0,0.0,1.0,0,0.0,1.0,63,7461.0,0.0275170691659822,37,4325.0,0.0040223827869085,0,104.0,0.6341417501540665,48,18796.0,0.0114518786060397,50,13544.0,3.296790112711316e-07,8,586.0,0.2082737495497014,31,1553.0,0.1209459099535932,72,9082.0,0.0720389056170224,77,13383.0,0.0387052540999487,51,12959.0,0.0056655489101778,21,212.0,0.0434944345165077,35,1761.0,0.1729504525034092,55,4348.0,0.0867266893475922,35,5989.0,0.1465259885721195,33,8054.0,0.0032421070592271,13,312.0,0.3307912657577004,16,1025.0,0.1264675105016285,17,2168.0,0.0464458511144041,2,61.0,0.6738076789473336,2,65.0,0.5348893752629414,710,108829.0
1675.0,0.2603999999999999,718,1081.78,43.2712,1.2382512674207722,15,2014.0,0.0967095558716802,10,254.0,0.1177323408303878,9,407.0,0.2155665166675605,0,0.0,1.0,0,0.0,1.0,58,6465.0,0.0510844311534142,35,3879.0,0.0489205594257769,3,114.0,0.4424952769429834,46,19005.0,0.0135372996344077,50,13794.0,1.688710527568199e-07,7,552.0,0.2207121598763126,32,1716.0,0.106408303301287,71,9222.0,0.0675255589120821,82,13740.0,0.0268124615908141,51,12430.0,0.0109394258167905,23,288.0,0.015325439889424,42,1760.0,0.1293295094794536,58,4413.0,0.0735019853467458,39,6172.0,0.0829397377336068,36,8228.0,0.0005293612873292,9,271.0,0.294521200346857,17,1108.0,0.1732165870874086,22,2268.0,0.0398509115267193,2,71.0,0.5647853690997878,1,7.0,0.6487062975711876,718,108178.0
1680.0,0.1295999999999999,651,1078.54,43.1416,1.2825188630257802,7,1793.0,0.1947043526910387,8,171.0,0.1214025007362211,8,422.0,0.0819816923292708,0,2.0,0.8993763159173437,0,0.0,1.0,46,6035.0,0.0559261677136676,28,3976.0,0.1139227569052268,3,129.0,0.1633760306350593,46,19202.0,0.0117986210255469,49,14041.0,0.0008662780008594,5,513.0,0.1624502165812466,27,1832.0,0.133827268332782,64,9286.0,0.0642671396278629,87,14138.0,0.0239595373079397,41,12265.0,0.0323059987593287,17,254.0,0.1161605873280523,42,1626.0,0.0842440110416902,56,4602.0,0.1075842085597994,43,6145.0,0.0458149576359057,34,8068.0,0.0300251889461601,3,187.0,0.3246264317463122,17,1073.0,0.1364169308739001,18,2045.0,0.0512349165225436,1,42.0,0.523091010891349,1,7.0,0.5414428024861532,651,107854.0
1685.0,-0.4955999999999982,635,1090.9299999999998,43.63719999999999,1.3322705449777414,9,1743.0,0.2069578763529818,3,170.0,0.3924017524989096,10,473.0,0.025595779488999,0,2.0,0.9674007803777744,0,0.0,1.0,42,6123.0,0.0693843647285128,26,4031.0,0.1381576672989106,5,152.0,0.0118314129313802,48,19398.0,0.0080968951077466,47,14278.0,0.0009455815886978,9,455.0,0.2018165339793289,23,1932.0,0.1514328791406791,59,9239.0,0.0382495700427496,87,14344.0,0.0378977569183907,34,12371.0,0.0320095902884729,13,119.0,0.2328553936159465,43,1696.0,0.1216193307491832,54,4533.0,0.1011454191328641,44,6354.0,0.0499028783067465,33,8235.0,0.0102847590342465,3,123.0,0.2157630958115028,18,1161.0,0.1298642180875697,16,2130.0,0.0551107420001056,5,19.0,0.1302963045610179,4,12.0,0.0035835345736505,635,109093.0
1690.0,-0.6472000000000012,663,1107.11,44.284400000000005,1.3476454047726618,13,1745.0,0.2189809820830591,1,125.0,0.5156242443967257,9,525.0,0.0209914816481113,0,2.0,0.96252448415129,0,0.0,1.0,49,6269.0,0.0471608910895482,30,4142.0,0.0993298835175013,6,181.0,3.716110948262303e-06,52,19625.0,0.0063688588334274,46,14074.0,0.0046164131063929,11,479.0,0.3133872018301774,31,2082.0,0.1428468286139246,62,9227.0,0.0360988252376656,87,14768.0,0.0507078686492723,32,12460.0,0.0546494670998581,8,68.0,0.3125438341623582,42,1849.0,0.1017772910292331,53,4452.0,0.0947889313301211,45,6579.0,0.056239697865387,31,8396.0,0.0127578080960868,6,120.0,0.2242908589317634,21,1257.0,0.0797435000333865,16,2210.0,0.0179420330208399,7,53.0,0.1126395082256948,5,23.0,0.0,663,110711.0
1695.0,-0.7788000000000008,690,1126.5800000000002,45.0632,1.2311939622948995,11,1755.0,0.1845382758686204,1,83.0,0.6326090213297871,13,583.0,0.0145523349927068,0,2.0,0.8332911883695571,0,0.0,1.0,52,6413.0,0.0285081436562762,36,4190.0,0.1168196833304175,6,211.0,0.0,54,19386.0,0.0035643947343207,41,14288.0,0.0095114315076836,13,513.0,0.3114463494701605,38,2258.0,0.1403331590997851,64,9370.0,0.0512396872505045,87,15183.0,0.064329889046203,35,12534.0,0.019018792219947,8,64.0,0.1742369152935564,47,2032.0,0.060039184384177,49,4497.0,0.1017615490199557,44,6801.0,0.057625545847097,31,8548.0,0.0105077027700251,9,173.0,0.1311612992667876,22,1361.0,0.0419976847001737,17,2292.0,0.0162630968589872,7,88.0,0.0764724429088496,5,33.0,0.0,690,112658.0
1700.0,-1.1863999999999983,719,1156.24,46.2496,1.0360922826711076,13,1765.0,0.1798639569397976,3,92.0,0.4695843014403234,17,658.0,0.0010950554933659,0,2.0,0.9526201476747288,0,0.0,1.0,53,6550.0,0.0263357805849861,32,4231.0,0.1205241835848134,6,241.0,0.0,54,19642.0,0.0034310790651731,41,14488.0,0.0066879694933635,13,548.0,0.2087266517544191,46,2470.0,0.0752591595299643,68,9629.0,0.0523789056188524,90,15631.0,0.0697064920052519,36,12701.0,0.0175219103998776,9,77.0,0.1546588613079152,53,2230.0,0.0346956510225546,48,4714.0,0.0755606555474253,42,7013.0,0.0654719388746564,29,8699.0,0.0120804897297299,13,230.0,0.0597711309484987,26,1478.0,0.0115770531900219,15,2369.0,0.0157491472871484,7,123.0,0.0,5,43.0,0.0,719,115624.0
1705.0,-0.7152000000000003,707,1174.12,46.9648,1.033147389265561,17,1781.0,0.0865437030095291,7,119.0,0.2418108387096291,18,748.0,9.121378397556929e-05,1,4.0,0.0011575434781709,0,0.0,1.0,51,6650.0,0.031768492243866,31,4347.0,0.0877544233535829,6,271.0,0.0,57,19895.0,0.0166182984467383,41,14694.0,0.0075463754682451,17,584.0,0.2008881149424406,53,2719.0,0.0472990205926888,68,9965.0,0.0613762864120671,86,15602.0,0.0711456118868278,34,12863.0,0.0175684103863578,5,95.0,0.2243047272713148,44,2217.0,0.0563900895250174,42,4895.0,0.0929014014057219,44,7227.0,0.0552760905891394,29,8844.0,0.0118663365271401,14,300.0,0.1143521801697803,21,1380.0,0.065807365708762,10,2023.0,0.057657336884413,6,136.0,0.0,5,53.0,0.0,707,117412.0
1710.0,-1.0471999999999984,707,1200.3000000000002,48.012,0.942684435962294,23,1822.0,0.0167816073267553,8,155.0,0.0904635138465881,18,838.0,7.713956470572707e-07,1,9.0,0.0,0,0.0,1.0,49,6737.0,0.0323173014713097,32,4463.0,0.0875951511280936,6,301.0,0.0,59,20151.0,0.0163137709657611,42,14900.0,0.0070653967251311,18,637.0,0.1453646333512294,57,2997.0,0.0574317144791272,66,10296.0,0.0735948768886134,87,16017.0,0.0456974552559213,34,13023.0,0.0183278915049663,5,88.0,0.1386141437591325,38,2223.0,0.0847200148814826,42,5051.0,0.1064647758313877,44,7446.0,0.0742993298463715,27,8982.0,0.0106386144462183,14,370.0,0.1687013845474675,16,1368.0,0.0971919005214473,10,1927.0,0.0852117781563664,6,166.0,0.0385694968278558,5,63.0,0.0390739767134499,707,120030.0
1715.0,0.4591999999999976,653,1188.8200000000002,47.5528,1.4370879392828784,26,1902.0,0.0307777847290911,8,157.0,0.2040907750254793,13,667.0,0.113228373009238,1,14.0,0.458842047839635,0,0.0,1.0,50,6816.0,0.0414837129068547,24,3831.0,0.1198385988722147,1,95.0,0.4078919039085327,61,20441.0,0.0163582742809943,46,15122.0,0.0018393619502998,13,315.0,0.1515857823159425,57,2992.0,0.0861324660564375,62,10527.0,0.0949405491143705,87,16065.0,0.0392556438725416,32,12883.0,0.0225653020160136,6,86.0,0.1092757759932332,28,1932.0,0.1387595401256093,40,5111.0,0.1093271735808447,33,6911.0,0.1117430526135888,27,9117.0,0.0530912035877859,13,411.0,0.2068101820284962,13,1427.0,0.1764408623645316,11,1942.0,0.1098553061522818,1,118.0,0.4617092503926435,0,0.0,0.9918194435823438,653,118882.0
1720.0,-0.1487999999999982,651,1192.54,47.7016,1.534368146791943,26,2002.0,0.0352104894320666,9,201.0,0.2731202753047148,8,568.0,0.3189405586563954,1,19.0,0.4468739322658956,0,0.0,1.0,52,6932.0,0.0354220561237719,18,2992.0,0.1223545714392112,0,32.0,0.8905997255678247,64,20760.0,0.0155829310554369,49,15360.0,0.0002294057441873,11,229.0,0.1499272414323376,54,2972.0,0.1034006660845313,58,10509.0,0.1053240237870427,87,16442.0,0.0332274930887197,36,13051.0,0.0152284926979043,12,102.0,0.0366401543193377,20,1769.0,0.1899638607727653,49,5291.0,0.0902071094835453,26,6681.0,0.1493490299562135,27,9251.0,0.0745043977104507,15,464.0,0.1516535044950392,14,1496.0,0.199966312228691,11,1999.0,0.1086774090314964,4,132.0,0.4790693839919678,0,0.0,1.0,651,119254.0
1725.0,-0.5320000000000022,668,1205.8400000000004,48.2336,1.4989095185815662,26,2104.0,0.0681347088620501,9,246.0,0.359105406210892,4,454.0,0.4611850592783961,1,24.0,0.4052765941722437,0,0.0,1.0,55,7103.0,0.0312860489093034,18,2769.0,0.1190046489061429,0,3.0,0.8765889575738244,64,21068.0,0.0139918657608254,49,15605.0,1.270431238205778e-05,9,259.0,0.1346171126869681,52,3234.0,0.0565909658420279,65,10778.0,0.0931115349052428,87,16822.0,0.0245360512687188,40,13244.0,0.0031385136054596,16,151.0,0.1032870751458983,21,1659.0,0.1896847461439855,50,4976.0,0.0904160512747879,28,6404.0,0.1133180642317537,29,9388.0,0.0775934157029916,15,519.0,0.0558714362475345,15,1571.0,0.2213511801257479,11,2051.0,0.1122943537198744,4,152.0,0.5622640830784419,0,0.0,1.0,668,120584.0
1730.0,-1.157199999999999,730,1234.7699999999998,49.3908,1.241906203724973,26,2205.0,0.0355522254755973,9,291.0,0.3369805177380536,2,398.0,0.2994384017870225,1,29.0,0.6523465141106981,0,0.0,1.0,67,7307.0,0.0117144490074504,24,2863.0,0.0566475557579431,0,3.0,0.7990270454356518,66,21357.0,0.006771867546534,49,15850.0,0.0,11,289.0,0.1134346431204495,54,3497.0,0.0567523221683693,71,11118.0,0.0596845941328255,90,17245.0,0.019745946855617,44,13455.0,0.0005424330028524,19,209.0,0.0797578188691099,26,1678.0,0.1583080401126938,53,5170.0,0.0769054086415743,32,6455.0,0.1005749757970646,32,9542.0,0.0626978314409758,17,583.0,0.0546095994468989,19,1660.0,0.2384491048712141,14,2114.0,0.0716333102043794,4,159.0,0.5659897072080958,0,0.0,1.0,730,123477.0
1735.0,0.1808000000000001,741,1230.25,49.21,1.2589296819616325,22,1917.0,0.1098847510319344,9,336.0,0.3564965268184218,0,292.0,0.2941755249056913,1,34.0,0.5028825541394424,0,0.0,1.0,62,6217.0,0.0358195002935912,27,2633.0,0.0698762943577873,0,3.0,0.8185056118347771,67,21641.0,4.8622645616120125e-05,49,16095.0,0.0,10,285.0,0.1605849939454157,43,3424.0,0.0780650430101914,79,11496.0,0.0518790442772318,93,17656.0,0.0185495400651456,39,12808.0,0.0149924427894767,21,282.0,0.0823016106714412,38,1756.0,0.0896139885906816,56,5396.0,0.0533092782285615,38,6628.0,0.0256330122636847,37,9732.0,0.0864597503569618,12,449.0,0.1552221607993735,19,1641.0,0.2247289327396041,18,2194.0,0.043064184501514,1,110.0,0.5353951920805559,0,0.0,0.8977615245107426,741,123025.0
1740.0,0.1339999999999999,689,1226.9,49.076,1.2584220135046422,14,1845.0,0.1863695211887291,5,275.0,0.3737146444049675,1,254.0,0.328361906137059,0,0.0,0.7185338571683207,0,2.0,0.9349703849088046,53,5804.0,0.0447566190536636,26,2746.0,0.1026350132117222,1,5.0,0.5464598339490062,65,21905.0,0.0007990821803562,47,16335.0,0.0009644216155653,10,264.0,0.2201156458475089,34,3448.0,0.1177318785069215,79,11796.0,0.0375471136878235,91,18041.0,0.0146976175523945,32,12988.0,0.0291135750308052,17,208.0,0.1103524379435274,42,1688.0,0.0784706403402934,52,5447.0,0.0459939223050917,40,6543.0,0.053225617630152,35,9131.0,0.0536851492161285,5,339.0,0.1924172903732017,19,1481.0,0.1540684398371317,17,2033.0,0.0952929827812561,4,112.0,0.3507908163626565,0,0.0,0.8782771554104194,689,122690.0
1745.0,-0.1707999999999999,680,1231.17,49.2468,1.3799553077541549,12,1853.0,0.1995671897970591,2,180.0,0.5095662210066809,4,266.0,0.2144817912223908,0,0.0,0.8195415784058605,0,2.0,0.914732337618569,53,5488.0,0.0353226021418255,31,2858.0,0.0646849705367771,3,15.0,0.3152504678387126,64,22158.0,0.0008509211490637,45,16563.0,0.00090005275834,14,251.0,0.3195334539653185,24,3357.0,0.1548812023797673,84,12197.0,0.0251121384066995,86,18123.0,0.0199504284458384,32,13145.0,0.0537028445303364,11,72.0,0.2151749515224615,43,1659.0,0.094105354493816,49,5538.0,0.0472490671965278,38,6733.0,0.0461775189266375,33,8542.0,0.0646128301898015,6,308.0,0.1507944405546585,23,1571.0,0.0876690148502379,14,2105.0,0.1019917244079763,8,133.0,0.287498616899208,1,0.0,0.481796735900754,680,123117.0
1750.0,-0.4616000000000003,670,1242.7099999999998,49.708400000000005,1.4012151999010949,9,1883.0,0.1977042701588114,2,113.0,0.5360769546884386,6,290.0,0.1503156690790013,0,0.0,0.1654072616512014,0,2.0,0.8231030549459294,53,5607.0,0.0514734032171975,31,2912.0,0.0798846982000451,5,34.0,0.005427105699853,67,22440.0,5.953848742194943e-05,45,16789.0,0.0011508595421613,13,275.0,0.3644262180503566,20,3316.0,0.1847527605092231,90,12629.0,0.007852141744247,85,18396.0,0.0281323129810338,32,12919.0,0.0824251143768084,6,-21.0,0.3611210774824046,41,1748.0,0.1183132146145119,47,5722.0,0.0515082878451407,36,6911.0,0.0279186704557044,28,7969.0,0.100174919344917,8,329.0,0.1717513740735247,26,1685.0,0.0572716399953694,12,2164.0,0.0293728973013586,8,159.0,0.1355261982838823,0,0.0,0.9497710193672166,670,124271.0
1755.0,-1.0208,693,1268.23,50.7292,1.2834245636924098,9,1912.0,0.139399054062656,4,64.0,0.5414072282450779,9,328.0,0.0723844135675361,2,5.0,0.0004964503813217,0,2.0,0.9422004794242664,54,5720.0,0.0459901018406393,31,2921.0,0.1180020326263327,6,64.0,3.039400274239117e-05,67,22735.0,1.1176248029640811e-05,44,17015.0,0.0011160180100666,13,280.0,0.3368179376928011,24,3421.0,0.1600814344319759,93,13089.0,0.0057035480144195,89,18737.0,0.0239615089961866,26,13054.0,0.1351552880683771,3,-166.0,0.390001072270583,42,1914.0,0.0931067383031904,44,5903.0,0.0527867481129465,37,7090.0,0.0303331991338155,28,8103.0,0.0725135618616242,12,367.0,0.1239913990624104,32,1827.0,0.0474782396884195,12,2228.0,0.0199645924053769,11,209.0,0.0657675798675152,1,1.0,0.4589311617055424,693,126823.0
1760.0,-1.2043999999999997,728,1298.34,51.9336,1.1535912282901275,13,1940.0,0.1394242387847129,4,56.0,0.5438282111700884,12,384.0,0.0689034171787185,2,15.0,0.0,0,2.0,0.9380081407932904,56,5856.0,0.0585244652067535,28,3042.0,0.1580816992844986,6,94.0,0.0,67,23042.0,1.082654327732718e-05,46,17245.0,0.000649091105771,15,286.0,0.2971273750622374,33,3594.0,0.1020636752331108,99,13576.0,0.0036368334098524,96,19102.0,0.0069714358307391,28,13180.0,0.1541777579233538,2,-218.0,0.3266962324115483,43,2082.0,0.1035806575736186,43,6081.0,0.0511379437310026,36,7270.0,0.029364545836028,26,8232.0,0.0714892993724799,13,414.0,0.1534945097265229,34,1993.0,0.0374671727159127,13,2292.0,0.0212248537383648,12,268.0,0.0022852912426558,1,6.0,0.0042673300876984,728,129834.0
1765.0,-0.847999999999999,741,1319.54,52.78159999999999,0.9919770629867852,18,1975.0,0.0441304861819066,6,79.0,0.3165964488407473,13,449.0,0.0600607046091216,0,0.0,1.0,0,0.0,1.0,49,5985.0,0.0557556823978212,27,3151.0,0.1119383526278773,6,124.0,0.0,67,23335.0,0.0142139421481504,49,17488.0,6.779700469861002e-05,18,315.0,0.2088271903280156,42,3787.0,0.0817756089294931,102,13857.0,0.0024350451628661,98,19501.0,0.0051317881460807,29,13314.0,0.1389423374913402,5,-274.0,0.1855757565054273,41,1966.0,0.1018983873084206,42,6251.0,0.0615301627786494,36,7449.0,0.0130883352417058,26,8354.0,0.0664920970620324,11,420.0,0.1690002782146817,30,1904.0,0.0593600533361818,11,2176.0,0.0361964903590571,13,332.0,2.275545438694771e-06,2,16.0,0.0,741,131954.0
1770.0,-1.1564000000000023,764,1348.4499999999998,53.938,0.7575627053274745,22,2034.0,0.0497066344353684,8,116.0,0.0433326637496268,14,515.0,1.0160873382193066e-05,0,0.0,1.0,0,0.0,1.0,45,6058.0,0.0550249746934145,29,3264.0,0.0822989597048913,6,154.0,0.0,67,23611.0,0.0126429771532622,49,17733.0,2.370480478058921e-06,21,351.0,0.1788946047042126,52,4034.0,0.0538939057807981,101,14360.0,0.0056299529156053,101,19915.0,0.0044086602908411,28,13450.0,0.1080057471140523,9,-318.0,0.1870992651462099,38,1956.0,0.1285325852586397,47,6463.0,0.0327407368682084,35,7628.0,0.0100463532384092,24,8472.0,0.0658318097463497,12,458.0,0.0231013936816387,28,1944.0,0.0502400429237057,13,2234.0,0.0218084525175388,13,387.0,0.0,2,26.0,0.0,764,134845.0
1775.0,-0.0032,706,1348.53,53.94119999999999,1.139703502925289,17,1597.0,0.1123437521228698,11,166.0,0.0938929832937307,9,437.0,0.1941571031261004,0,1.0,0.6993627829271856,0,0.0,1.0,40,5926.0,0.0682532526117901,25,3292.0,0.0974093026520943,1,76.0,0.1405271564732437,66,23830.0,0.0124131504028136,49,17978.0,0.0,17,238.0,0.1379830499952618,58,4073.0,0.0691989517597626,90,14530.0,0.0205499283132393,104,20355.0,0.0032931525897908,29,13292.0,0.0647103332892908,11,-366.0,0.2428967185892375,27,1769.0,0.2065691843458592,51,6532.0,0.0580971064056896,28,7576.0,0.0395094122478514,22,8573.0,0.0925704678260549,13,496.0,0.1248473191398596,18,1984.0,0.102967418771118,12,2244.0,0.0422256214240899,7,244.0,0.2179234898595979,1,10.0,0.4495459892430021,706,134853.0
1780.0,-0.8315999999999985,703,1369.3199999999997,54.7728,1.1945868288547024,14,1649.0,0.1092203593101574,12,226.0,0.1298607282849827,4,341.0,0.3895760115881431,0,1.0,0.7673825206145692,0,0.0,1.0,40,6004.0,0.0634451914186634,24,3367.0,0.0669148519278653,0,25.0,0.705616778841729,66,24078.0,0.0137114200534965,49,18223.0,0.0,17,260.0,0.1170954188495168,62,4374.0,0.0359099165126464,90,14975.0,0.0389831309868926,101,20797.0,0.003406556557126,36,13462.0,0.0130754566687406,14,-365.0,0.2054232263746819,25,1652.0,0.2184056839886709,57,6449.0,0.055421444740502,29,7675.0,0.0334755807170657,21,8682.0,0.0881149500161639,13,535.0,0.1529701240464281,15,2061.0,0.1334460111368008,11,2295.0,0.1292397102928908,2,155.0,0.4327472899560278,1,11.0,0.4501950468500332,703,136932.0
1785.0,-0.9984000000000018,729,1394.2800000000002,55.7712,1.1967404146716136,14,1688.0,0.0710903502455987,12,286.0,0.1272282700882131,1,228.0,0.5060907271306007,0,1.0,0.8257099072614237,0,0.0,1.0,44,6119.0,0.055201319923783,24,3470.0,0.0430782071684358,0,0.0,1.0,66,24319.0,0.0148436729834703,49,18468.0,0.0,16,293.0,0.1073072626234969,66,4696.0,0.0231301618595875,88,15425.0,0.0365740347290243,100,21258.0,0.0031630225499166,44,13668.0,0.005484685331729,18,-321.0,0.226880157797763,29,1599.0,0.1937494187347358,56,6384.0,0.06554941034136,32,7827.0,0.03078243341398,24,8798.0,0.0725223489810551,13,570.0,0.1884613558289051,18,2140.0,0.185173394664643,13,2348.0,0.16772722560028,1,148.0,0.4761212599900166,1,16.0,0.5961387142433573,729,139428.0
1790.0,-1.2495999999999985,789,1425.5200000000002,57.0208,0.9324106376116512,15,1733.0,0.0742578070415843,12,346.0,0.1389405822098237,1,175.0,0.474294242891152,0,1.0,0.8830509436964966,0,0.0,1.0,52,6248.0,0.0253123374505977,29,3593.0,0.0035580775452245,0,0.0,1.0,66,24550.0,8.516926857582036e-07,49,18713.0,0.0,18,324.0,0.0540729566603363,73,5045.0,0.0112153316427587,94,15878.0,0.0437906081955755,103,21745.0,0.0028302679519347,46,13890.0,0.0015915198866534,22,-280.0,0.1650402312051836,32,1627.0,0.1184672612287487,54,6586.0,0.0531527632156457,36,8000.0,0.0271479469699126,27,8927.0,0.0361567607641005,14,613.0,0.1392576728117109,24,2245.0,0.1776852025755055,17,2415.0,0.1589480252825179,4,159.0,0.4169315337318796,1,19.0,0.363369308978432,789,142552.0
1795.0,-0.2376000000000014,789,1431.4600000000005,57.2584,0.938073403451885,10,1515.0,0.1437985401353115,8,293.0,0.1970257428878903,4,188.0,0.3196260923268229,0,1.0,0.759910219854684,0,0.0,1.0,43,4910.0,0.0675869299210333,28,3531.0,0.0420183453804545,0,0.0,1.0,66,24797.0,2.9037686767739464e-07,49,18958.0,1.4060917031118486e-07,12,240.0,0.0883403891129095,76,5419.0,0.0251091067141504,95,16348.0,0.0255428042534045,107,22200.0,0.0020413308518277,49,14131.0,0.0029330008742971,24,-237.0,0.1128569149382479,42,1731.0,0.0606964520015056,49,6529.0,0.0531798975976336,40,8192.0,0.0337705932055676,29,8968.0,0.049876004637648,10,521.0,0.2075737934291518,23,2273.0,0.1491169805599697,20,2506.0,0.1780074639701296,3,115.0,0.3132201187156757,2,17.0,0.233412077893867,789,143146.0
1800.0,-0.1696,743,1435.7000000000005,57.42800000000001,1.094717795258602,8,1475.0,0.2190989432098715,4,220.0,0.1758419963938938,6,187.0,0.0688726017608432,0,3.0,0.5210897796158722,0,2.0,0.8941551455650977,37,4409.0,0.0784905649668011,27,3576.0,0.0891170303599225,0,0.0,1.0,66,25058.0,1.23245113946988e-05,49,19203.0,8.224097913392871e-06,5,145.0,0.1725281757912151,73,5795.0,0.0456424597563828,94,16818.0,0.0155888001380556,107,22652.0,0.0010997520436684,46,14348.0,0.0206228932536466,20,-261.0,0.1575871228560313,46,1762.0,0.0690102204734091,44,6638.0,0.025764365718412,39,8055.0,0.0715666408958314,27,8289.0,0.0548982360266718,4,518.0,0.2611836499149975,21,2207.0,0.1184551234117411,17,2406.0,0.2322016310763632,2,96.0,0.2723839666343406,1,-31.0,0.6398778707896192,743,143570.0
1805.0,-0.4951999999999979,744,1448.0799999999997,57.9232,1.2905382520731898,10,1458.0,0.2019491721786572,1,111.0,0.4350766738167873,9,225.0,0.0099665651838556,1,7.0,0.725330925226569,0,2.0,0.91765577731882,40,4394.0,0.0671485398353908,31,3700.0,0.0700088005549403,0,0.0,1.0,66,25315.0,1.2062519153350963e-05,49,19448.0,9.304830562832738e-06,8,100.0,0.2424784355646585,71,6155.0,0.0677459370564431,93,17285.0,0.0095947739833422,110,23120.0,0.0005494741778553,43,14492.0,0.0222611484422006,16,-214.0,0.2538427397463085,44,1737.0,0.0977000736410055,42,6605.0,0.0408864065036128,34,7275.0,0.0814627215460399,25,8420.0,0.0900574990255077,8,535.0,0.1386502211195043,23,2298.0,0.0852298037467571,13,2301.0,0.1753928292736142,6,80.0,0.24231430821326,1,-41.0,0.615683573070386,744,144808.0
1810.0,-0.7308000000000027,753,1466.3499999999997,58.654,1.2517222465898254,9,1474.0,0.1787789470123832,1,63.0,0.5831508953022863,12,279.0,0.0002471912823028,1,12.0,0.3324672670523477,0,2.0,0.8985281881533382,39,4420.0,0.0368117457327748,33,3844.0,0.0848595262368579,0,0.0,1.0,66,25571.0,8.332821347472414e-07,49,19693.0,1.278720235447764e-05,10,75.0,0.3111826336764852,73,6513.0,0.0438800330969911,95,17754.0,0.0060541387492494,108,23308.0,0.003284412178235,45,14665.0,0.0315868167085969,14,-185.0,0.2732964310181391,44,1834.0,0.1088504795497422,36,6579.0,0.0680960476492473,29,6825.0,0.1276227767204162,27,8545.0,0.0607737208590916,12,559.0,0.0692360250867063,27,2410.0,0.0937956627686409,13,2362.0,0.0743899365040677,9,84.0,0.2038383903849589,1,-51.0,0.5861062035191537,753,146635.0
1815.0,-1.1315999999999995,766,1494.64,59.7856,1.221231361368869,12,1510.0,0.1058714545081385,1,57.0,0.6540940035939268,12,339.0,0.0626747725757504,2,22.0,0.2891171434291532,0,2.0,0.8860840014014664,40,4483.0,0.023258655597482,30,3808.0,0.123890255462418,0,0.0,1.0,66,25841.0,5.859801497139668e-07,49,19938.0,1.0516195795735176e-05,13,55.0,0.2837931111757228,75,6880.0,0.0454140356872064,102,18253.0,0.004698495257773,106,23787.0,0.0032238454039975,45,14845.0,6.404470349106328e-07,11,-172.0,0.2727717906105217,43,1994.0,0.0787570954054569,32,6550.0,0.0858102918856532,27,6965.0,0.1301986489902731,28,8679.0,0.0450951614159807,14,597.0,0.0548489908686547,32,2559.0,0.0705639913070618,13,2428.0,0.0470134651257359,12,105.0,0.1747527256167968,1,-61.0,0.5768632933040995,766,149464.0
1820.0,-1.232,780,1525.4400000000005,61.0176,1.0437410916017438,16,1563.0,0.0444269844706679,1,62.0,0.6652224590073341,12,399.0,0.1221045519182418,2,32.0,0.3208681108566734,0,2.0,0.8801898387900514,42,4551.0,0.0215674832447596,24,3764.0,0.1288122954486882,0,0.0,1.0,66,26092.0,5.947715057288933e-07,49,20183.0,5.403482992386559e-06,17,62.0,0.2828593972024302,81,7274.0,0.0241657790015025,112,18787.0,0.0013887280903007,104,24263.0,0.0033624713055878,45,15070.0,2.4573677851782617e-07,10,-186.0,0.2079689321143058,43,2120.0,0.1010612751686936,27,6668.0,0.0923462772220247,26,7094.0,0.0782911865977703,27,8809.0,0.0257178863825694,14,642.0,0.0634622717537674,37,2734.0,0.0586947043330919,12,2492.0,0.0773718703054576,12,135.0,0.1298455963493136,1,-68.0,0.2689093590762175,780,152544.0
1825.0,-0.913599999999997,786,1548.28,61.93119999999999,0.9266947907994364,19,1633.0,0.0477861110996476,1,67.0,0.6627518575073562,12,459.0,0.1407742749754632,3,43.0,0.0013335850265526,1,4.0,0.417337310197774,39,4593.0,0.0294319783898064,24,3870.0,0.1032647033672124,0,0.0,1.0,66,26334.0,7.444628164096587e-07,49,20428.0,0.0,19,73.0,0.2326932580665869,89,7724.0,0.0043843150584474,116,19094.0,0.0005661961195165,103,24735.0,0.0041109842483965,45,15295.0,0.0,7,-219.0,0.1697918198977089,40,2228.0,0.1072797709136758,31,6821.0,0.0916390782441522,27,7228.0,0.0712934942828039,27,8941.0,0.0207503917185769,10,603.0,0.1279450927523568,33,2612.0,0.0680132589498205,10,2145.0,0.1141042100916183,12,177.0,0.1275935097315784,3,-60.0,6.189644119510263e-05,786,154828.0
1830.0,-1.1540000000000028,786,1577.1300000000003,63.08520000000001,0.7634733331657113,20,1700.0,0.0001227870884415,2,73.0,0.3722445363517033,12,519.0,0.1206159258376581,3,58.0,0.0,4,19.0,0.2798248852664923,36,4608.0,0.0357398982449974,21,3970.0,0.0349492311410997,0,0.0,1.0,66,26550.0,4.245746321032111e-07,49,20673.0,0.0,21,96.0,0.2018976052283204,94,8184.0,0.0007841224064136,112,19661.0,0.0040321371536325,101,25200.0,0.0040335962979138,45,15516.0,0.0,7,-246.0,0.2371953907643091,36,2320.0,0.1149009647031047,38,6958.0,0.0662848495621259,28,7368.0,0.0637619791495182,26,9070.0,0.0192611602245654,10,618.0,0.1811773699107681,30,2619.0,0.0357798943412149,9,2000.0,0.109392692007401,13,229.0,0.0450711932833133,3,-50.0,2.6382552223027607e-06,786,157713.0
1835.0,-0.3339999999999992,757,1585.48,63.41919999999999,0.8897032436938445,16,1471.0,0.0942104664142074,4,87.0,0.2732860989329613,7,430.0,0.2030492379022425,3,74.0,0.1077779320025483,6,43.0,0.0008176034282149,30,3931.0,0.0481970014537153,22,3719.0,0.0298893822932488,0,0.0,1.0,66,26747.0,4.4253024129167707e-07,49,20918.0,0.0,23,134.0,0.1164878962177193,97,8665.0,7.90172850569238e-05,105,19844.0,0.0226800362926826,101,25665.0,0.0031762644149951,45,15738.0,0.0,2,-396.0,0.2729818720387758,34,2286.0,0.1429570207832322,43,7046.0,0.0674798828748164,26,7502.0,0.0722645984675761,24,9202.0,0.0202024008971074,7,620.0,0.271863539400589,28,2729.0,0.0733307319686212,8,1981.0,0.1186236238424603,9,151.0,0.0961387932001961,2,-39.0,0.3069548253948307,757,158548.0
1840.0,-0.9375999999999984,760,1608.9199999999998,64.3568,0.8488865141824677,14,1520.0,0.2196424811317332,7,114.0,0.2151821083159455,2,325.0,0.2355979535381285,3,89.0,0.3755997215381326,6,73.0,0.0,31,3550.0,0.0781680147914566,25,3815.0,0.0216743740199279,0,0.0,1.0,66,26958.0,4.200750860295322e-07,49,21163.0,0.0,26,205.0,0.0701175025260419,97,9150.0,4.313694852245771e-06,102,20348.0,0.020771108824304,100,26093.0,0.0033696420066332,45,15963.0,0.0,6,-499.0,0.2338169928268821,34,2312.0,0.137148866873197,48,7213.0,0.0593498930366673,26,7632.0,0.0644685220426713,24,9322.0,0.0214595826529152,5,614.0,0.2523848936007885,30,2866.0,0.0789032838731285,7,2016.0,0.0888143957697698,5,92.0,0.1064261186412539,2,-42.0,0.285099254422422,760,160892.0
1845.0,-1.2128000000000037,797,1639.24,65.56960000000001,0.798608411165497,15,1573.0,0.1835237199469415,7,149.0,0.2124812781934854,2,212.0,0.2904132288857696,3,104.0,0.5202332774543083,6,103.0,0.0,35,3597.0,0.0722111089458802,25,3929.0,0.0167487341106228,0,0.0,1.0,66,27197.0,2.564933906581358e-07,49,21408.0,0.0,29,293.0,0.0387562728801432,97,9635.0,8.122358868502184e-08,94,20714.0,0.0252053146863779,102,26591.0,0.0111376219902381,45,16188.0,0.0,9,-534.0,0.1839510620668277,43,2435.0,0.1234031422012954,52,7370.0,0.0577407826533739,29,7767.0,0.0583482251287705,27,9451.0,0.015748639461536,8,615.0,0.200193687917633,33,3016.0,0.0776900695113498,11,2061.0,0.0564099946846044,8,92.0,0.0434141776271808,2,-42.0,0.3217247766742392,797,163924.0
1850.0,-1.0731999999999968,837,1666.0699999999997,66.6428,0.5537235921786293,15,1622.0,0.0826291487217784,7,184.0,0.2053855758271306,3,188.0,0.1920656967741478,3,119.0,0.5801151270447468,6,133.0,0.0,39,3675.0,0.0716251112955862,29,4057.0,0.0125739504279349,0,0.0,1.0,66,27465.0,2.549580917459345e-07,49,21653.0,0.0,31,356.0,0.0005807469163434,97,10120.0,1.3314600199740948e-07,89,21044.0,0.0230791494221211,103,26948.0,0.0265041503526369,44,15929.0,0.0,12,-542.0,0.1258676544561421,49,2590.0,0.0319805592353703,56,7560.0,0.0397494756797354,32,7919.0,0.0154703056435977,31,9599.0,0.0050375441944305,13,626.0,0.0708923733385009,36,3179.0,0.0577595691640142,14,2123.0,0.0167558456064117,11,104.0,0.0008140708415909,2,-44.0,0.286537256015244,837,166607.0
1855.0,-0.0576000000000002,816,1667.5100000000002,66.7004,0.6734221441191368,11,1553.0,0.0810206196228666,7,126.0,0.0698732230047907,5,207.0,0.1266885910470776,1,34.0,0.7427493485176319,6,163.0,0.0,29,2478.0,0.0954098696824532,28,3868.0,0.0546813453531966,0,0.0,1.0,66,27738.0,2.0120966264185362e-07,49,21898.0,0.0,23,285.0,0.02989756299891,97,10605.0,0.0086995977212891,85,21449.0,0.0143034948982147,104,27308.0,0.0258574600279793,44,16149.0,0.0,16,-507.0,0.0243865984534352,59,2755.0,0.009068635857291,51,7152.0,0.0587998954220135,35,8089.0,0.0487555215500733,35,9713.0,0.0011775818104762,10,346.0,0.1434453013364378,29,3153.0,0.0595635169146819,17,2198.0,0.0952270588000861,7,45.0,0.0551612235152556,2,-54.0,0.4702061225023941,816,166751.0
1860.0,-0.1176000000000011,766,1670.4499999999996,66.818,0.8614419359839744,9,1487.0,0.1590001128721842,4,127.0,0.1521892381338466,5,217.0,0.2866760964074768,0,5.0,0.6886569344223854,3,153.0,0.1838624537977487,26,2007.0,0.0803932872474206,31,3854.0,0.0741351337700281,0,2.0,0.3031817196503623,66,27993.0,5.822129402463867e-07,49,22145.0,0.0151563096718688,17,280.0,0.0278990163891206,97,11092.0,0.0183538075425279,78,21324.0,0.0238639973045744,107,27700.0,0.0303097357919795,44,16369.0,5.549745140649587e-06,18,-453.0,0.0705588117845227,56,2903.0,0.0310589706927341,40,6813.0,0.0637529146452062,35,7934.0,0.0555741583787396,34,9890.0,0.0280946217217633,3,156.0,0.220372538407881,25,3034.0,0.0779258336931826,14,2055.0,0.2010196469628319,4,4.0,0.1032848200503294,1,-46.0,0.5580014675065298,766,167045.0
1865.0,-0.3499999999999986,746,1679.1999999999998,67.168,1.0931182406207396,10,1484.0,0.1461819476823803,0,82.0,0.3653963633507576,5,227.0,0.2145974399323393,0,2.0,0.5550833269566992,0,90.0,0.5897825085803621,26,2008.0,0.0775205273707373,32,4011.0,0.0570986877208243,0,2.0,0.8784404777801313,66,28211.0,3.737098012070573e-07,49,22390.0,0.0261050743019388,16,278.0,0.0707672099229946,97,11577.0,0.0213587058902671,69,20464.0,0.0352840286229085,110,28125.0,0.045272255927506,44,16589.0,4.256579739306837e-06,15,-394.0,0.169456919327901,56,3072.0,0.0561554568189713,34,6544.0,0.0896665804565702,35,7777.0,0.0415340159585056,36,10063.0,0.0013654803415826,5,111.0,0.2762833420864922,24,3149.0,0.0516567447693962,10,2112.0,0.2026133337884031,6,-22.0,0.0031955929352973,1,-32.0,0.6933972275133511,746,167920.0
1870.0,-0.6084,745,1694.4100000000003,67.77640000000001,1.1353150559357152,9,1509.0,0.1667069009451011,0,35.0,0.6054993463737816,5,252.0,0.2442688269402727,3,10.0,0.3880105701531881,0,59.0,0.447483698969105,24,2067.0,0.0920590537444269,34,4176.0,0.077184962392905,0,2.0,0.8596628698045679,66,28412.0,1.953467694543077e-07,51,22642.0,0.0160869719029433,19,246.0,0.1115991497645222,98,12058.0,0.0269909133308933,66,20029.0,0.0452749244449292,107,28120.0,0.0374748673878585,44,16809.0,0.0209580279795314,11,-358.0,0.2781760186286869,56,3304.0,0.0806066814926229,33,6426.0,0.1000204708809949,36,7950.0,0.0420383527133568,35,10239.0,0.0012330768264927,9,79.0,0.2318030719290192,23,3268.0,0.0424389670435737,8,2156.0,0.0976301898443512,7,-12.0,0.0,1,-37.0,0.7242047039935364,745,169441.0
1875.0,-1.252000000000001,769,1725.71,69.02839999999999,1.1084952447240894,8,1529.0,0.2151562644775352,0,2.0,0.8589621567731031,5,277.0,0.2575685924836149,5,31.0,0.2749789236618763,2,68.0,0.4596623617206425,25,2162.0,0.0966431909426863,35,4349.0,0.1041969611609845,0,2.0,0.8372051531224053,66,28637.0,0.0,53,22904.0,1.1595252877366848e-05,27,233.0,0.1392436992292401,99,12535.0,0.0322076966229423,68,20347.0,0.0494602344036138,107,28566.0,0.0320964722902115,44,17029.0,0.0182131181925506,8,-322.0,0.2424249647123712,57,3559.0,0.0869493035400423,31,6474.0,0.1224173295999295,37,8124.0,0.0177090997919683,36,10419.0,0.0012685079063243,12,90.0,0.2384256076901281,26,3389.0,0.0224919585425379,10,2205.0,0.021089117614176,7,1.0,0.0,1,-39.0,0.5837221813503918,769,172571.0
1880.0,-1.2720000000000002,780,1757.5099999999998,70.30040000000001,0.9801141696128262,11,1562.0,0.1650337494880791,0,2.0,0.8449954000730533,5,302.0,0.1958795345962713,5,56.0,0.2639647496946126,2,78.0,0.4332640718163456,29,2161.0,0.0966939611137029,35,4524.0,0.1143761989477232,0,2.0,0.9300984429717616,66,28878.0,3.162769661845552e-07,53,23169.0,0.0,30,248.0,0.0901536615054652,99,13015.0,0.0427219174714475,73,20683.0,0.043016998358098,106,29000.0,0.0321906424929676,44,17249.0,0.0193981602670303,6,-318.0,0.1947982577570019,56,3785.0,0.0729320334420411,30,6551.0,0.0861990959222176,35,8295.0,0.0215357525869097,34,10595.0,0.0012543297118315,12,123.0,0.2240665910942596,31,3536.0,0.0109671096277223,10,2254.0,0.021867914526434,7,18.0,0.0,1,-17.0,0.588346249455625,780,175751.0
1885.0,-0.6115999999999991,778,1772.8,70.91199999999999,0.9111246797193544,17,1612.0,0.0215541026213352,0,2.0,0.0229080226785221,7,334.0,0.1240164203899908,1,39.0,0.1267757563039432,0,2.0,0.3982151065002751,27,2203.0,0.107081495363015,36,4698.0,0.0752161357586943,0,2.0,0.7969578837112893,66,29102.0,0.0141153470591639,53,23434.0,0.0,32,307.0,0.05999367583965,99,13495.0,0.0410238261952929,72,20602.0,0.0636933049574225,102,29393.0,0.0270264568332532,44,17469.0,0.0205468041871375,10,-369.0,0.1366601117773703,59,4005.0,0.083495237405962,29,6430.0,0.0749125158316536,34,8456.0,0.0178342492597679,37,10773.0,0.0012024046515291,11,68.0,0.2263092003163732,25,3340.0,0.0276940910100117,9,1867.0,0.0610236316851551,7,33.0,0.0,1,-17.0,0.5989872360360574,778,177280.0
1890.0,-0.9603999999999996,790,1796.8099999999995,71.8724,0.7862086320451681,20,1677.0,0.0024022324683476,1,7.0,0.0,7,369.0,0.1217800095998906,1,42.0,0.0864077890827914,2,7.0,0.0025794402606422,29,2159.0,0.1025940828154685,38,4880.0,0.0132495653541556,1,4.0,0.5311406665456229,66,29309.0,0.0251051070095713,53,23699.0,0.0,35,364.0,0.0233400568281495,100,13987.0,0.0232316445817429,69,20723.0,0.0792139534116695,102,29792.0,0.0048012355838295,44,17689.0,0.0211060354751522,12,-421.0,0.1590038039614176,61,4210.0,0.0850740046026458,31,6504.0,0.1025031846289079,33,8610.0,0.0189365655857908,36,10955.0,0.0206837608709408,12,91.0,0.0677488835060109,21,3295.0,0.0388074978363189,8,1700.0,0.080125413241182,7,48.0,0.0,1,-19.0,0.4172134661460615,790,179681.0
1895.0,-0.0624000000000012,754,1798.37,71.9348,1.010140610627827,18,1189.0,0.1175841843965194,1,13.0,0.4713015724613406,2,237.0,0.4275555035707546,5,60.0,0.1872654343722042,2,17.0,0.0,28,1454.0,0.1315404193640592,42,5079.0,0.0007496999472051,0,2.0,0.8762465251162646,66,29514.0,0.0257584370462487,53,23964.0,0.0,25,263.0,0.0587050468679198,96,13968.0,0.0251344854729321,65,20349.0,0.1052241807921857,103,30185.0,0.0106697296725714,45,17913.0,6.732350142592034e-06,10,-493.0,0.2055468594620714,57,4390.0,0.0908363155130964,26,6508.0,0.1082183230734668,31,8759.0,0.0186757667154421,36,11137.0,0.0232899810169018,13,113.0,0.0005882600114971,19,3394.0,0.0431489443161932,8,1742.0,0.0843614554788087,2,76.0,0.0560738338142483,1,4.0,1.9711143793467945e-05,754,179837.0
1900.0,-0.2464000000000005,739,1804.53,72.1812,1.0513337093839956,14,739.0,0.1994149880095058,1,18.0,0.6280125497221426,2,107.0,0.371419637049669,5,85.0,0.3541788351194658,2,27.0,0.0,28,1239.0,0.1223406831286193,43,5288.0,0.0001893329636817,0,2.0,0.903988863328053,66,29738.0,0.022607586251106,53,24229.0,0.0,16,239.0,0.1197487594153952,93,14202.0,0.0118799012848428,54,19558.0,0.1122981935917626,105,30575.0,0.0183766984789676,45,18138.0,0.0,14,-565.0,0.2168595768040536,57,4563.0,0.0811594350071078,28,6551.0,0.1044142261571739,31,8906.0,0.0205348163732808,35,11318.0,0.024033275513045,14,140.0,0.0,22,3496.0,0.0368802779867434,8,1781.0,0.0718304963019479,2,70.0,0.0352707669741386,1,9.0,0.0,739,180453.0
1905.0,-0.7295999999999977,745,1822.77,72.9108,0.9805719416163168,10,530.0,0.1978501136527337,1,23.0,0.6280396927035642,3,52.0,0.3381478177189486,5,110.0,0.4352753582259415,2,37.0,0.0,33,1283.0,0.0704577481172231,43,5498.0,1.3537648328950436e-05,0,2.0,0.9007801218184728,66,29999.0,0.0265877704341219,53,24494.0,0.0,11,231.0,0.1584560917756057,90,14657.0,0.0099987113876693,50,19479.0,0.1273166044352482,99,30471.0,0.0245977461416912,45,18363.0,0.0,17,-593.0,0.1761761083180831,62,4788.0,0.0489679744001468,32,6617.0,0.0693895064742119,34,9071.0,0.0132938490746141,36,11500.0,0.0240157606812389,14,157.0,5.823326935719905e-07,24,3607.0,0.0343049511535118,9,1821.0,0.0460276476553642,5,66.0,0.0029236843139801,1,14.0,0.0,745,182277.0
1910.0,-0.9816,782,1847.3099999999995,73.8924,0.7708646069368801,9,535.0,0.112284090906901,1,28.0,0.7474405774083343,3,67.0,0.3605465552241191,5,135.0,0.4667554286809775,2,47.0,0.0,41,1319.0,0.04293806583566,43,5708.0,0.0,0,2.0,0.6466010408082605,66,30252.0,0.0006361089969878,53,24759.0,0.0,10,226.0,0.232836889457703,87,15084.0,0.0118422535623577,56,19616.0,0.1181311815796015,99,30365.0,0.0306794647670663,45,18588.0,0.0,22,-588.0,0.1285283294898393,69,5049.0,0.0104500625000362,34,6704.0,0.0195479403832795,38,9250.0,0.0044116000883185,38,11684.0,0.0251974426858949,14,184.0,0.0152863393931573,28,3737.0,0.0280399253057596,12,1876.0,0.0094247034422199,6,85.0,2.2605763722420277e-05,1,19.0,0.0,782,184731.0
1915.0,0.1027999999999969,777,1844.74,73.78960000000001,0.8458367489721043,5,396.0,0.1434468379841583,1,33.0,0.6904638889776479,3,82.0,0.3480901924244003,6,161.0,0.3643677805972009,2,57.0,0.0,40,1019.0,0.0732462291548728,42,5748.0,0.0,3,10.0,0.5395763088395945,67,30473.0,6.994189845492912e-07,53,25024.0,0.0,7,68.0,0.2473155572324904,80,15235.0,0.0247767474639166,64,19871.0,0.089173630324038,94,29904.0,0.0390913628742293,41,18219.0,0.0100026768266063,27,-557.0,0.088066254299758,74,5324.0,0.002413792497187,38,6511.0,0.0106575352700265,41,9439.0,0.0147483537467803,38,11874.0,0.006624614877364,9,1.0,0.0873793563397158,25,3595.0,0.0761292606565356,15,1948.0,0.0787168012557397,1,14.0,0.2327300475630467,1,25.0,0.4861366170988175,777,184474.0
1920.0,-0.2251999999999968,729,1850.3700000000003,74.01480000000001,0.9850537563524364,0,327.0,0.2022520256743397,0,1.0,0.8476282517547531,0,36.0,0.3605736171580549,4,146.0,0.3074997218443735,0,32.0,0.5196787294537437,34,1045.0,0.0835496170030246,42,5960.0,0.0080918666307792,3,27.0,0.3436531661260781,67,30652.0,0.0,53,25289.0,0.0,6,-15.0,0.2487980723915423,72,15369.0,0.0499307772385266,67,19920.0,0.069500630912398,87,29461.0,0.0379407759638122,37,18388.0,0.0302582600741967,28,-497.0,0.0732427735100858,74,5611.0,0.0214165929028787,34,6567.0,0.0308801048116834,42,9641.0,0.0012900668331012,39,12067.0,5.712016589660852e-06,4,-22.0,0.0426886817873631,21,3229.0,0.0680862874371539,13,1793.0,0.1701686045987515,2,15.0,0.018345990217595,0,-5.0,0.8734947118118297,729,185037.0
1925.0,-0.8560000000000048,723,1871.77,74.8708,1.142161225728888,3,301.0,0.1607213825808642,0,0.0,0.8352771676584186,2,5.0,0.3654513604585729,1,49.0,0.3515739358749695,1,36.0,0.6541083480502883,28,1151.0,0.1029720482024819,42,6170.0,0.021403257961866,6,51.0,0.1712978469358351,67,30822.0,0.0,53,25554.0,0.0,11,-47.0,0.2434469874614305,65,15346.0,0.0522104534323645,76,20211.0,0.0379378312364542,82,29710.0,0.0413168487791074,36,18574.0,0.0699836185566316,25,-446.0,0.1445282138845406,70,5859.0,0.0579558530046452,34,6592.0,0.0339661300547782,41,9837.0,0.0011396325362512,39,12264.0,0.0199431296667123,7,-40.0,0.0213183268295428,19,3326.0,0.0703646892681611,11,1851.0,0.1397540707245405,4,16.0,4.991049601223453e-05,0,-15.0,0.8989492775864683,723,187177.0
1930.0,-0.994799999999998,731,1896.64,75.86560000000001,0.996127457552522,6,298.0,0.0982586749365556,0,0.0,0.7451735036279619,2,15.0,0.5346170606554904,0,15.0,0.7078315336683678,1,41.0,0.7402659689355762,26,1143.0,0.1038495273350705,42,6380.0,0.0228796919393116,8,85.0,0.0956540279739077,67,31016.0,0.0,53,25819.0,0.0,17,-55.0,0.1934623381666515,59,15457.0,0.0287276265205684,80,20501.0,0.0213777518199753,83,30029.0,0.029839136713974,35,18755.0,0.0750922731271727,25,-406.0,0.1301068615291543,67,6143.0,0.0526136128665791,32,6655.0,0.032315111665169,41,10031.0,0.0010048706874753,39,12459.0,0.0212127672463822,10,-44.0,0.0017984471170458,24,3436.0,0.0386726162785199,10,1900.0,0.0310061306884461,4,16.0,0.0,0,-25.0,0.9310531537167144,731,189664.0
1935.0,-1.0711999999999984,744,1923.42,76.9368,0.9266794864456523,9,305.0,0.0739651304320879,0,0.0,1.0,2,25.0,0.5707529218263693,1,5.0,0.4989205489931973,1,46.0,0.7757335673498355,25,1099.0,0.0855323897603219,42,6590.0,0.0170919090624401,8,125.0,0.0402491617636166,67,31250.0,0.0,53,26084.0,0.0,21,-43.0,0.1733444808521102,55,15584.0,0.0423319915635191,89,20866.0,0.0146236704618104,80,30311.0,0.0218546596355207,35,18929.0,0.076926923758726,26,-378.0,0.104341590112453,63,6452.0,0.0668178750610998,32,6729.0,0.0320134025718488,42,10229.0,0.0010905404565574,39,12654.0,0.0245204460536,11,-25.0,8.18684707153337e-06,28,3568.0,0.0262153114518211,11,1956.0,0.0238835099089627,4,16.0,0.0,0,-35.0,0.649439830119185,744,192342.0
1940.0,-1.1023999999999978,752,1950.98,78.0392,0.774207341640038,13,325.0,0.0184595132813263,0,0.0,1.0,2,35.0,0.5692812774776891,1,9.0,0.4655987998685674,1,51.0,0.7465001350193222,26,1083.0,0.0687009848776242,43,6802.0,0.0001218199651866,9,167.0,3.716140171963108e-05,67,31496.0,0.0,53,26349.0,0.0,23,-24.0,0.1480261511988035,51,15692.0,0.0386895771166727,95,21264.0,0.0084632859080794,79,30583.0,0.0202083924769916,34,19100.0,0.0769979072471036,29,-348.0,0.0556287528961612,60,6705.0,0.077009130664028,30,6815.0,0.0248663902519379,42,10427.0,0.0011770143419885,39,12849.0,0.0200000899502471,11,1.0,0.0,29,3712.0,0.0191972130675715,11,2009.0,0.0203667379007666,4,16.0,0.0,0,-20.0,0.3741063099857525,752,195098.0
1945.0,-0.5424000000000005,752,1964.54,78.5816,0.7853492621618247,17,360.0,0.0010308295639761,0,0.0,1.0,2,45.0,0.5867102121854282,2,15.0,0.0004340583909932,0,2.0,0.6880335478876889,26,1141.0,0.0461705001530266,43,7017.0,9.007229779575628e-05,9,212.0,0.0,67,31732.0,0.0117656161759639,53,26614.0,0.0,24,-3.0,0.1693592637268198,55,15968.0,0.03812767536169,103,21691.0,0.0044802440578228,74,30807.0,0.0276793062841174,33,19266.0,0.0762894215251689,27,-322.0,0.0649188405621655,55,6380.0,0.1136700337534813,32,6924.0,0.0330786355746519,41,10627.0,0.0010366991503063,39,13044.0,0.0241485023880025,11,17.0,0.0699840840025532,24,3340.0,0.0375244503163849,10,1583.0,0.05645214810586,4,16.0,0.0,1,-22.0,0.0002387697222367,752,196454.0
1950.0,-0.6803999999999998,752,1981.5499999999995,79.262,0.6791037698581229,18,394.0,4.3663217253448e-05,0,0.0,1.0,2,55.0,0.5187117290213348,2,25.0,0.0,3,12.0,0.5003353143778695,29,1138.0,0.0562279636111007,43,7232.0,9.528522904720536e-05,9,257.0,0.0,62,31327.0,0.0433198859755384,53,26877.0,0.0,25,47.0,0.1373657858793747,60,16260.0,0.0327422332245267,106,22118.0,0.0040909086901627,77,31031.0,0.0232412681402168,36,19433.0,0.0117194156124542,24,-342.0,0.0515419459418013,49,6308.0,0.1416566008516116,30,7037.0,0.0732797331514215,43,10827.0,0.0010149033028604,39,13239.0,0.0007687634164454,10,45.0,0.1524409131515555,18,3437.0,0.0567310294968544,9,1404.0,0.0887776121048283,4,16.0,0.0,1,-22.0,0.0,752,198155.0
1955.0,0.464799999999997,715,1969.93,78.7972,0.9599431420888505,18,430.0,0.0800386949948293,0,0.0,1.0,4,71.0,0.3638562682683874,1,13.0,0.4533686167649328,5,31.0,0.1814409378161779,29,643.0,0.0892633253232857,41,7277.0,0.0068214835154088,4,209.0,0.2657013301401292,54,30841.0,0.0491320389327432,53,27133.0,0.0,22,119.0,0.145641997137366,62,16016.0,0.0366078598053914,99,21855.0,0.0265622471889036,80,31255.0,0.0189307341943522,37,19610.0,0.0073967570135346,21,-362.0,0.0671926293139476,51,6504.0,0.1384998095734098,23,6121.0,0.1108257153655565,41,10811.0,0.0011897515666271,40,13437.0,2.4791220366973512e-06,5,10.0,0.3779061947676123,18,3529.0,0.0515554116915916,6,1439.0,0.1894665918716273,0,23.0,0.4354604352143539,1,-22.0,0.0,715,196993.0
1960.0,-0.4323999999999969,716,1980.74,79.2296,0.9682070282874208,18,474.0,0.1517572161058289,0,0.0,1.0,6,96.0,0.3124550298584578,1,18.0,0.4809733036307745,9,65.0,0.0030782334358414,30,187.0,0.0553216650099942,38,7472.0,0.0082386781636471,0,111.0,0.5025024232664462,52,31008.0,0.047279852770982,53,27385.0,0.0,21,165.0,0.1075777359436182,71,15823.0,0.0384767750769459,89,22085.0,0.0528481382303716,86,31515.0,0.0196033644255959,41,19800.0,0.0079806300397566,20,-401.0,0.0530114035843519,54,6727.0,0.0953836057374106,23,6123.0,0.1079705257668285,38,10786.0,0.0093952399536395,38,13585.0,0.0010890516178756,0,-35.0,0.5570153498554036,21,3632.0,0.040314705522644,6,1459.0,0.2777046183121626,0,16.0,0.0098277121885198,1,-22.0,0.0,716,198074.0
1965.0,-0.9316000000000032,751,2004.03,80.1612,0.9094655011971852,18,544.0,0.1516031125781927,0,0.0,1.0,7,131.0,0.4252916259701341,1,23.0,0.4263029591303816,10,113.0,6.467258081791433e-05,35,195.0,0.0419914537085552,35,7651.0,0.0095022676038147,0,23.0,0.7822126606743636,49,31162.0,0.049704662785164,53,27630.0,0.0,22,215.0,0.0755759211689829,73,15880.0,0.0316185359285813,86,22366.0,0.0584991912166062,96,31831.0,0.0296407959972589,44,20013.0,0.0038090353838503,22,-440.0,0.0226370030208601,61,6989.0,0.0563772701404837,25,6163.0,0.0871629215698452,42,10983.0,0.0007228814621661,39,13775.0,1.37491857610383e-06,0,-65.0,0.7221041869368583,23,3742.0,0.0357323729242153,8,1480.0,0.2393579098164746,1,18.0,4.7183941960336485e-05,1,-19.0,0.0,751,200403.0
1970.0,-1.1383999999999992,786,2032.49,81.2996,0.763168032650099,19,624.0,0.0401520160109863,0,0.0,1.0,7,166.0,0.4606988880598677,1,28.0,0.4314734779963627,10,163.0,6.838353881214624e-07,38,197.0,0.0345820027683957,38,7829.0,0.0073291626230651,0,1.0,0.8174444297191364,46,31269.0,0.0494576411687914,53,27874.0,0.0,26,272.0,0.0086574785203884,74,16247.0,0.0211446177505871,90,22683.0,0.0577037387679224,103,32219.0,0.0365018913912431,47,20239.0,0.0003711568764766,26,-463.0,0.0107423772250219,62,7238.0,0.0551780776449907,26,6220.0,0.0549233483528408,42,11180.0,0.0001561537746174,39,13965.0,0.0,1,-82.0,0.4875325655152161,24,3864.0,0.0345023258515528,12,1507.0,0.2132275463152009,1,23.0,0.0,1,-14.0,0.0,786,203249.0
1975.0,-0.2079999999999988,784,2037.69,81.5076,0.8230350556480774,17,662.0,0.0209047868869753,0,0.0,0.883950833349818,5,96.0,0.5163533873735495,1,33.0,0.0418634402938538,10,213.0,0.0,38,49.0,0.0517382845790198,40,8017.0,0.0007412254898246,0,1.0,0.8530983521075088,47,31332.0,0.0139221228085687,53,28114.0,0.0,19,118.0,0.0710305149539097,75,16623.0,0.0321719972808434,95,23071.0,0.0321750544503823,110,32655.0,0.0352516658171996,44,19835.0,0.010321665311778,28,-461.0,0.0111753872318457,59,7435.0,0.0565256845298482,21,5680.0,0.1178419371795216,40,10985.0,0.005548972503126,39,14155.0,0.0,4,-69.0,0.1510729243016799,23,3682.0,0.0432763259515472,15,1553.0,0.2490495935856357,0,0.0,1.0,1,-10.0,0.3480493807443063,784,203769.0
1980.0,-0.5099999999999992,736,2050.44,82.01759999999999,0.9873417060147176,14,704.0,0.0561489234371425,0,1.0,0.8778435640637927,3,90.0,0.4529063853761361,1,5.0,0.4525092874991176,7,225.0,0.1295662003145988,30,188.0,0.0736113049580024,42,8216.0,4.084468346380579e-05,0,1.0,0.7271772310849105,49,31431.0,0.0095009499420584,53,28355.0,0.0,5,-21.0,0.1617764916544091,71,16795.0,0.0631454109993794,99,23460.0,0.0184242296595756,111,33102.0,0.03878808157247,39,19976.0,0.0120073236238986,25,-491.0,0.0374408253896911,52,7356.0,0.0530504394878822,19,5728.0,0.1644859666127643,39,11017.0,0.0080813757000581,39,14345.0,0.0,6,-57.0,0.0004093098696613,18,3270.0,0.0733297363469352,14,1353.0,0.1950068035719644,0,0.0,1.0,0,-5.0,0.9690684551209764,736,205044.0
1985.0,-0.7600000000000056,720,2069.44,82.7776,1.163320851096172,13,767.0,0.0794174055318618,0,1.0,0.927012883587144,2,31.0,0.2775952488662107,1,10.0,0.6206871807632875,2,156.0,0.2742941368846776,23,268.0,0.1187448255747612,42,8416.0,2.9754809622589224e-07,2,7.0,0.0004253551488403,52,31541.0,0.0072302755537688,53,28610.0,0.0,7,11.0,0.2425964693972988,65,17128.0,0.0557264419012121,103,23843.0,0.0048118327243183,112,33497.0,0.0251001222652593,37,20099.0,0.0098974414603438,26,-491.0,0.0709590477319012,47,6818.0,0.0845793928224254,16,5749.0,0.2033664124627915,40,11201.0,0.0005934778163085,39,14535.0,0.0,6,-45.0,0.2337274842711776,20,3359.0,0.1357249533144853,12,1443.0,0.1422829110541622,0,0.0,1.0,0,-10.0,0.8118057077518601,720,206944.0
1990.0,-0.597599999999997,720,2084.38,83.37519999999999,1.076354457867066,11,812.0,0.0971112730180332,0,1.0,0.784595004064211,6,34.0,0.0259455014805252,1,15.0,0.7239479178052352,0,103.0,0.6565670094849012,17,364.0,0.1332357631256804,42,8616.0,0.0,2,17.0,0.0,53,31656.0,0.0063540439059854,52,28149.0,0.0,12,10.0,0.2144960968702899,63,17447.0,0.0334679518273421,110,24246.0,0.0025582610513792,115,33898.0,0.0074672328437084,36,20269.0,0.0106079672999387,27,-480.0,0.0472913258134665,42,6558.0,0.1307796612163732,16,5753.0,0.2567398737830336,41,11387.0,1.405269965362304e-06,39,14716.0,0.0,7,-45.0,0.11680212612647,21,3458.0,0.0742807904283048,7,1469.0,0.059069399524001,0,0.0,1.0,0,-15.0,0.986242622034074,720,208438.0
1995.0,-0.5411999999999998,733,2097.91,83.91640000000001,1.0217595610518115,13,855.0,0.1359185962039069,0,1.0,0.9616974999134784,9,75.0,0.0001931042772067,1,20.0,0.7056650896666073,0,26.0,0.7863615716135945,17,331.0,0.1300457688298874,40,8487.0,0.0021956272746473,2,27.0,0.0,58,31793.0,0.0046053457384991,48,28393.0,0.0075303323909534,16,22.0,0.2006004099498615,65,17769.0,0.0244882901366345,110,24430.0,0.0053410179467784,116,34332.0,0.0004761582048556,36,20436.0,0.0095313898074705,30,-441.0,0.046595737383143,39,6030.0,0.123528481038915,13,5741.0,0.2489857994604173,41,11572.0,1.273907364496006e-06,39,14891.0,0.0,7,-45.0,0.1124883793309168,24,3572.0,0.0797141429231536,9,1494.0,0.0195917410878489,0,0.0,1.0,0,-20.0,0.8284734688133896,733,209791.0
2000.0,-0.7783999999999967,750,2117.3700000000003,84.6948,0.8530514096638643,17,898.0,0.0522514212805578,0,1.0,0.4948868374285691,9,120.0,2.420097976819947e-06,1,25.0,0.7321723358532058,0,2.0,0.8592770954930746,20,310.0,0.1172854959640632,35,8342.0,0.0200037046047914,2,37.0,0.0,61,31983.0,0.0027952359144688,47,28609.0,0.0057688958021468,20,52.0,0.084350530748704,69,18110.0,0.02116282270429,108,24596.0,0.0199236522676721,118,34769.0,0.0003633991770396,34,20595.0,0.0092626950176095,32,-385.0,0.038304074675935,41,5950.0,0.1055686901490279,17,5743.0,0.2164231398182655,41,11757.0,1.6102828051797847e-06,39,15066.0,0.0,7,-45.0,0.0113224470176804,21,3686.0,0.0631975648439716,11,1541.0,0.0136420922811724,0,0.0,1.0,0,-25.0,0.986413259307786,750,211737.0
2005.0,-0.6824000000000028,743,2134.4300000000003,85.37719999999999,0.7774405776190713,20,928.0,0.0042858003247491,2,5.0,0.0020472271065459,9,165.0,0.0,1,30.0,0.6721365834110467,1,5.0,9.455767964051216e-05,20,435.0,0.0995931511217338,32,8506.0,0.0189420883649567,2,47.0,0.0,64,32211.0,0.0140101576503767,45,28821.0,0.0081597251561554,22,84.0,0.0626972490944875,71,18458.0,0.0152239427830249,102,24737.0,0.026779024444315,112,35120.0,0.0069565932959171,32,20746.0,0.0097388224732499,28,-356.0,0.0507029041985893,45,6119.0,0.0867393249030969,21,5778.0,0.1795001685013166,41,11942.0,1.3413324428929435e-06,39,15241.0,0.0,7,-65.0,0.1122918972082545,16,3417.0,0.1052273911214898,10,1096.0,0.0559832821448014,0,0.0,1.0,1,-27.0,0.0007522823702086,743,213443.0
2010.0,-1.0992000000000013,767,2161.9100000000003,86.47640000000001,0.6299932484697613,24,966.0,0.0004586687960907,2,15.0,0.0,9,210.0,0.0,1,35.0,0.4016132973290913,1,10.0,0.0,25,486.0,0.0498180693299062,30,8664.0,0.0210394976975912,2,57.0,0.0,66,32442.0,0.0365878592724935,45,29039.0,0.0056963814248615,23,121.0,0.1353591884831262,82,18846.0,0.0075947049782731,99,25116.0,0.01971680660836,112,35442.0,0.0012406064337171,33,20893.0,0.0089705775852566,23,-376.0,0.0529706151060135,48,6305.0,0.0936283145182179,27,5834.0,0.1543162263142363,41,12127.0,1.6905310846393331e-06,39,15411.0,0.0,7,-66.0,0.1165313565522292,17,3496.0,0.0485033001414678,10,1145.0,0.0444963091114252,0,0.0,1.0,1,-27.0,0.0,767,216191.0
2015.0,0.3608000000000015,724,2152.89,86.1156,0.9183947055930372,19,727.0,0.0543058435608145,2,25.0,0.2818952266589149,4,180.0,0.262174265066055,2,10.0,0.3546271757695686,1,15.0,0.0,24,206.0,0.0513303801527782,24,8383.0,0.0400752661725976,0,1.0,0.8308946798679854,61,32531.0,0.0386504516221831,47,29271.0,0.0020038049125188,18,191.0,0.2099297205780181,93,19282.0,0.0090683980902786,88,24384.0,0.0458916964351969,115,35792.0,0.0004052114559601,32,21032.0,0.0092978446540105,18,-720.0,0.09845093232993,37,6181.0,0.131427646179272,28,5224.0,0.1112487733520438,41,12317.0,1.383610829529698e-06,39,15574.0,0.0,2,-61.0,0.2337611680338708,21,3581.0,0.1124360755255748,7,1190.0,0.1752892890064612,0,0.0,1.0,1,-27.0,0.0,724,215289.0
2020.0,-0.434400000000001,729,2163.7499999999995,86.55,0.9505618400087956,18,732.0,0.0539551482452555,2,35.0,0.2879039972294104,0,132.0,0.4242291653388927,5,33.0,0.486099739168289,1,20.0,0.0,27,175.0,0.0345270544441324,21,8479.0,0.0384561614174885,0,1.0,0.7920597197573499,64,32736.0,0.0399854141725422,52,29502.0,0.0001875174467664,14,282.0,0.2052539477283309,100,19769.0,0.0003154328668361,76,24555.0,0.0550780762488368,114,36143.0,0.0034551932410897,37,21193.0,0.0086769922750308,15,-1014.0,0.0919326444796927,41,6283.0,0.0802066560007066,30,4331.0,0.0914541010234807,41,12512.0,1.0762160211068991e-06,38,15675.0,0.0,0,-71.0,0.4499794547369903,23,3668.0,0.1768537112476668,9,1230.0,0.2341278803056831,0,0.0,1.0,1,-26.0,0.0,729,216375.0
2025.0,-0.8252000000000008,731,2184.38,87.3752,0.9329238237997332,16,742.0,0.019630079763577,2,45.0,0.2756254819211473,0,78.0,0.5440920373141853,5,58.0,0.4965579175334817,1,25.0,0.0,31,163.0,0.0141696870577102,18,8548.0,0.0424405912887851,0,1.0,0.8529040655431258,64,32918.0,0.0399444833533881,52,29723.0,7.69986943728432e-06,13,322.0,0.1642724377623486,101,20274.0,2.8042260065674864e-05,70,24689.0,0.0686023181299832,115,36554.0,0.0170059610928398,39,21380.0,0.0015802748993167,18,-1158.0,0.0575180513189107,43,6480.0,0.0761747322320276,31,4084.0,0.0872392179229034,41,12702.0,8.803967780131531e-07,38,15854.0,0.0,0,-46.0,0.2483493532046697,21,3752.0,0.1739335835828478,11,1271.0,0.2525058849462412,0,0.0,1.0,1,-21.0,0.0,731,218438.0
2030.0,-1.0223999999999986,759,2209.94,88.39760000000003,0.831730351058175,15,763.0,0.0177299823754284,2,55.0,0.3240493174883674,2,82.0,0.355863233746506,5,83.0,0.5767471978248753,1,30.0,0.0,34,183.0,0.0087448776739155,25,8615.0,0.0206279415121834,0,1.0,0.8421635375819607,65,33066.0,0.0195843194100019,52,29928.0,0.0,14,361.0,0.097480324450583,101,20777.0,1.1256112606385545e-06,66,24862.0,0.0614977561053662,116,37000.0,0.0192946436561811,43,21581.0,0.0004045923896054,21,-1256.0,0.0435336120616294,46,6674.0,0.047875789589487,32,4174.0,0.0796802202648043,41,12894.0,5.665077035818471e-07,38,16025.0,0.0,1,-51.0,0.0149223967829405,24,3841.0,0.1649318028703016,14,1322.0,0.2357501543556825,0,0.0,1.0,1,-16.0,0.0,759,220994.0
2035.0,-0.8207999999999969,764,2230.46,89.2184,0.7746535661801696,10,782.0,0.0504554972680261,2,65.0,0.2662999156414863,3,97.0,0.3316056121648572,5,108.0,0.5130971962927479,1,35.0,0.0,28,-31.0,0.0362516423694743,32,8719.0,0.0058665697579085,0,1.0,0.8504289053836145,66,33233.0,0.0001977408620415,52,30139.0,1.4215621094762548e-07,7,271.0,0.149067846811925,101,21273.0,0.0093437553826182,68,25095.0,0.0415366074011726,116,37445.0,0.0206958606246162,44,21790.0,1.0664231988811062e-05,26,-1276.0,0.0106171443910934,48,6833.0,0.0189554956614217,34,4284.0,0.0755930167007154,41,13094.0,8.276605585838923e-07,38,16195.0,0.0,2,-42.0,7.662380203194535e-06,24,3567.0,0.1105712140936156,15,1383.0,0.2880354703171154,0,0.0,1.0,1,-14.0,0.0,764,223046.0
2040.0,-0.2980000000000034,729,2237.91,89.51639999999999,0.8953921055790101,6,827.0,0.1022217540601653,0,35.0,0.3057760417335629,4,114.0,0.0190983232276329,4,79.0,0.4526004178218111,0,2.0,0.9144830640076896,21,19.0,0.0449589963953645,34,8847.0,0.0021849101964269,1,4.0,0.5691570612106083,67,33400.0,0.0080443529902591,50,30359.0,0.0011244776498111,3,214.0,0.1472161042631698,98,21511.0,0.0263115851745733,67,24578.0,0.0299707832688253,114,37780.0,0.0297515131354551,44,21997.0,4.358562931570565e-07,25,-1245.0,0.0471747489978833,49,6778.0,0.02146314136145,30,4352.0,0.1018110484962561,39,13290.0,0.0011771963825871,38,16368.0,0.0,2,-35.0,0.2539841251947821,20,3282.0,0.0780288437155731,13,1233.0,0.2973973624708454,0,2.0,0.8355039052323178,0,0.0,1.0,729,223791.0
2045.0,0.6276000000000008,716,2222.22,88.8888,1.152043625120544,8,851.0,0.1411022763425571,0,0.0,1.0,5,138.0,0.1436098070765404,5,53.0,0.2222829164727961,0,5.0,0.833871483843513,16,161.0,0.0592445269400096,37,8986.0,0.0012064341455236,1,9.0,0.5541201670354187,67,33552.0,0.0277295410730228,48,30591.0,0.0008143890850564,10,194.0,0.159730730342604,95,21742.0,0.0427737345591789,68,22776.0,0.0401951988249868,112,37706.0,0.0405789725155785,44,22207.0,2.88388432000588e-07,20,-1188.0,0.0444605986903412,46,6277.0,0.0416010469020471,25,4385.0,0.1486678020104734,41,13486.0,1.7595798730188103e-05,38,16550.0,0.0,2,-36.0,0.44671807429986,18,2982.0,0.0785055426336028,10,793.0,0.3511245295316728,0,2.0,0.8949689307168551,0,0.0,1.0,716,222222.0
2050.0,-0.3616000000000003,716,2231.26,89.25039999999998,1.180174992775039,11,852.0,0.1243947575071701,0,0.0,1.0,5,163.0,0.1651265150668965,4,37.0,0.2511194036428798,0,5.0,0.8056134203790307,12,326.0,0.0958460859770314,36,9125.0,0.0013543694617375,2,16.0,0.0428523704979073,67,33699.0,0.027868306535375,49,30812.0,0.0010285557612368,15,210.0,0.120905894858137,95,22200.0,0.0510670425024455,68,22119.0,0.0523318658672829,110,38094.0,0.0483079335779079,44,22403.0,6.966205657798592e-07,20,-1212.0,0.0484540740682607,43,5844.0,0.0588681246821736,23,4428.0,0.1649183452780182,41,13671.0,2.4423044858153814e-07,38,16723.0,0.0,2,-46.0,0.4012130536272394,22,3080.0,0.0468433576862985,9,575.0,0.3794228462602214,0,2.0,0.8299540974830545,0,0.0,1.0,716,223126.0
2055.0,-0.4660000000000018,736,2242.9100000000003,89.7164,1.260346991970561,11,843.0,0.1221217462432388,0,0.0,1.0,5,188.0,0.1560929729227525,4,50.0,0.2568624376534197,0,5.0,0.8113093692468458,15,465.0,0.10781988437008,36,9287.0,0.0011608551833707,4,35.0,3.991039157131411e-05,67,33891.0,0.0267190080271007,50,31024.0,0.0009442733148478,20,267.0,0.1060078207720027,92,22658.0,0.0493609853592253,77,21491.0,0.0623987792760946,110,38461.0,0.054333828178811,44,22591.0,0.0,24,-1222.0,0.0385594861324925,42,5619.0,0.0836023133737995,26,4458.0,0.1890941464645136,41,13856.0,2.151713539762841e-07,38,16875.0,0.0,2,-47.0,0.4324831374387969,22,3181.0,0.0364800555294295,6,313.0,0.3168572910216665,0,2.0,0.8165534495355551,0,0.0,1.0,736,224291.0
2060.0,-0.8735999999999967,750,2264.7499999999995,90.59,1.0860798980457766,13,821.0,0.088738583963958,0,0.0,1.0,5,213.0,0.1370368073488075,4,68.0,0.0046178246642013,0,5.0,0.7683749892402775,17,463.0,0.0643795086275325,36,9453.0,0.0011649381249018,4,55.0,0.0,67,34108.0,0.016962378295219,52,31237.0,0.0002885215153773,21,323.0,0.064765680629084,92,23108.0,0.0421248683738348,76,21768.0,0.0620040709044317,109,38809.0,0.0607103404961868,44,22768.0,0.0,27,-1218.0,0.0311446135947642,39,5405.0,0.0953443387974978,34,4530.0,0.1354828793899647,41,14041.0,1.8316554811196562e-07,38,17020.0,0.0,2,-48.0,0.4295467878206667,22,3275.0,0.036868897357174,7,269.0,0.2888974929728077,0,2.0,0.82805444211857,0,0.0,1.0,750,226475.0
2065.0,-0.1944000000000014,742,2269.61,90.7844,1.0195925016721104,16,780.0,0.0466378384634054,0,0.0,1.0,5,238.0,0.147674881854714,4,87.0,0.0,0,5.0,0.7615141318503382,22,467.0,0.024411041793831,36,9611.0,0.0011427952642213,4,75.0,0.1881320735691983,68,34309.0,0.0108706763226847,52,31466.0,3.143594142904034e-05,23,373.0,0.0004797436269389,93,23542.0,0.0364500225518835,66,20452.0,0.0875281219385458,105,39135.0,0.05239314277416,44,22943.0,0.0,21,-1222.0,0.0588604091117655,38,5556.0,0.1148891157493314,36,4541.0,0.1110283730894408,41,14226.0,0.0,38,17160.0,0.0,2,-65.0,0.3962078851990129,16,2979.0,0.078259447862941,11,300.0,0.201210201399942,1,3.0,0.6942772796647663,0,0.0,1.0,742,226961.0
2070.0,-0.7571999999999984,748,2288.54,91.5416,0.8101936143016049,20,750.0,0.0182071151440525,0,0.0,1.0,5,263.0,0.0043828368187204,4,107.0,0.0,0,5.0,0.5592727291383051,26,482.0,0.0094419901340168,37,9751.0,0.0011383520807348,4,95.0,0.3768572163816243,69,34490.0,0.0353128120843415,52,31703.0,1.7152164068845342e-06,24,439.0,2.8273921344032367e-06,96,23984.0,0.0112058799237606,56,20341.0,0.1191890562849126,105,39442.0,0.0416957423573126,44,23118.0,0.0,18,-1280.0,0.0524027910518408,38,5700.0,0.1367417211285132,38,4606.0,0.0482937923954843,41,14409.0,1.8520330418965733e-07,38,17292.0,0.0,4,-78.0,0.3257295311010013,14,2877.0,0.0506461636899208,14,350.0,0.0558761165095674,1,8.0,0.4753667982240016,0,0.0,1.0,748,228854.0
2075.0,0.1083999999999977,719,2285.8300000000004,91.4332,0.987145823245594,18,420.0,0.0925151637545223,0,0.0,0.9670102710524076,1,142.0,0.4246261099819035,0,85.0,0.4683784422581087,3,15.0,0.235212847520886,25,-181.0,0.017599784703879,38,9881.0,0.000412160467484,0,23.0,0.7498548847861614,65,34588.0,0.0435888643356797,52,31932.0,1.830937715023237e-07,19,529.0,0.0536608934165432,102,24464.0,0.0021140971970692,40,19207.0,0.1468716119610542,105,39722.0,0.0210340030856287,44,23290.0,0.0,13,-1365.0,0.0604944257269336,39,5842.0,0.1399380016356686,42,4678.0,0.037389684000621,41,14586.0,0.0,38,17412.0,0.0,2,-70.0,0.5402591018819491,14,2942.0,0.0973320458514666,13,415.0,0.0395411841749714,5,26.0,0.1718182199709479,0,0.0,1.0,719,228583.0
2080.0,-0.5955999999999996,727,2300.7200000000003,92.0288,0.9430473744558324,17,387.0,0.1166622319324649,0,0.0,0.8299009036173322,1,47.0,0.6077582063154329,3,95.0,0.5925052570880888,7,45.0,0.0234588681809733,23,-189.0,0.0458050955412263,38,10019.0,4.532385538258846e-05,0,3.0,0.8787274109850511,65,34724.0,0.0344319073378851,52,32148.0,0.0,17,594.0,0.0596760890224367,105,24964.0,0.0001773644409655,30,18640.0,0.1658078732713491,108,39990.0,0.0045975242389183,44,23458.0,0.0,11,-1417.0,0.0591422891215939,45,6014.0,0.0360591439067349,47,4813.0,0.0208230459250905,41,14762.0,1.8388776491439825e-07,38,17556.0,0.0,2,-83.0,0.52564197591237,14,2996.0,0.1411778852104868,11,446.0,0.0742182039365521,8,60.0,0.0077763697294385,0,0.0,1.0,727,230072.0
2085.0,-0.2359999999999996,738,2306.6199999999994,92.2648,0.9124461796873228,16,389.0,0.0463298527642848,0,0.0,0.92487981472059,1,18.0,0.6165865760553435,3,110.0,0.5922542926055102,10,88.0,0.0006941413307891,22,-182.0,0.0483835428822767,38,10179.0,1.4209935510913938e-06,0,3.0,0.8481467471772597,65,34860.0,0.0378486954953323,52,32344.0,0.0,18,663.0,0.0520432173504164,101,24656.0,0.0052620904369176,34,18651.0,0.1519061917500984,105,39239.0,0.0145543015937066,44,23654.0,0.0,14,-1466.0,0.0604771588447121,48,6230.0,0.0044683127423053,47,4970.0,0.0229963092461004,41,14955.0,0.0,38,17722.0,0.0,2,-68.0,0.3710946927519689,18,3066.0,0.1563501348876208,11,475.0,0.054201691904228,10,106.0,0.0001790499436894,0,0.0,1.0,738,230662.0
2090.0,-0.9015999999999974,761,2329.16,93.1664,0.803968422927752,18,422.0,0.0285691238136199,0,0.0,0.9270521189826348,1,23.0,0.6652483244224898,3,125.0,0.6107055477988564,10,138.0,2.9484351179482816e-06,22,-157.0,0.0375369162045322,38,10324.0,0.0,0,3.0,0.7786919586652917,65,35000.0,0.0320684829635501,52,32532.0,1.5307234079821526e-07,20,720.0,0.0076505879017968,99,25126.0,0.0094038812576386,40,18760.0,0.1135928527193954,104,39106.0,0.0274371583596291,44,23854.0,0.0,16,-1499.0,0.0365034660145221,52,6472.0,0.0006231320925294,51,5136.0,0.0120493081696911,41,15139.0,0.0424014183023211,38,17873.0,0.0,2,-39.0,0.3147450574763715,22,3166.0,0.1254756639619298,13,536.0,0.0026531239175746,10,156.0,0.0,0,0.0,1.0,761,232916.0
2095.0,0.3999999999999981,734,2319.1599999999994,92.7664,0.8894876309880565,12,416.0,0.0517323237265408,0,0.0,0.6367320728476137,1,28.0,0.7090841324771912,0,39.0,0.8006613795154387,10,188.0,0.0,15,-371.0,0.0793303530904156,38,10452.0,0.0,1,7.0,0.6315090544319526,66,35139.0,0.0016454472639224,52,32742.0,0.0,14,499.0,0.077040533955419,92,24800.0,0.0239952599452988,47,18908.0,0.0681241606159427,100,38328.0,0.0348880675864916,39,23335.0,0.0108937213685994,18,-1533.0,0.0255381149429544,53,6722.0,1.2858412091331692e-05,54,5339.0,0.0023022364461295,41,15324.0,0.0453503989452932,38,18021.0,0.0,3,-26.0,2.77799748564561e-05,19,2808.0,0.1598908055714229,11,545.0,0.1016298740714872,10,206.0,0.0735577211764831,0,0.0,1.0,734,231916.0
2100.0,0.4171999999999992,682,2308.729999999999,92.3492,1.0723398232073111,10,468.0,0.0530555309469162,0,0.0,1.0,1,8.0,0.7606954779462094,0,3.0,0.4629395189893203,7,203.0,0.0651425098146796,7,-476.0,0.1258586996596344,38,10577.0,3.879509839576586e-05,4,25.0,0.2891096540137927,68,35287.0,5.056649109391523e-06,52,32962.0,2.667682983377032e-05,5,396.0,0.1872548767591703,80,24509.0,0.0557405557935905,52,18370.0,0.0755612590156225,93,37597.0,0.0365822993920916,37,23510.0,0.0084703170811768,19,-1538.0,0.0605071516494284,47,6726.0,0.017300417028109,54,5411.0,0.0164222467045232,41,15504.0,0.0402925941921168,38,18166.0,0.0,1,-15.0,0.4289261557845945,13,2487.0,0.1614679781476213,8,473.0,0.2429025732311517,7,218.0,0.2827598325808648,0,2.0,0.8373841823869881,682,230873.0
2105.0,0.398799999999997,643,2298.76,91.9504,1.39186622133697,11,499.0,0.0813786545120057,0,0.0,1.0,1,13.0,0.7260663718359248,3,14.0,0.3988768500650086,3,194.0,0.2046056809671877,6,-359.0,0.1181799724696487,38,10729.0,3.433004350082467e-05,7,55.0,0.2821599460652781,68,35442.0,0.0,52,33160.0,2.5672206773621165e-05,6,381.0,0.2765458229957403,70,23959.0,0.0565414231714381,55,17907.0,0.0722071547781715,86,36922.0,0.0375102874185214,36,23693.0,0.0578664159871715,16,-1531.0,0.076563425552049,37,6241.0,0.0462394193588456,50,5591.0,0.0596767080092095,41,15680.0,0.0430401501865876,38,18315.0,0.0,1,-15.0,0.6402411821960661,13,2569.0,0.0621982519109492,3,261.0,0.4112837611837657,2,154.0,0.5235603225087828,0,2.0,0.8474789610082488,643,229876.0
2110.0,-0.3111999999999961,627,2306.5399999999995,92.2616,1.4770825644849457,12,507.0,0.0864578669694406,0,0.0,1.0,2,21.0,0.4626650335608182,4,34.0,0.3849739209138706,3,207.0,0.1443267615283116,8,-255.0,0.0662423848217535,38,10896.0,4.1091858419340246e-05,8,100.0,0.2216983692703231,68,35624.0,0.0,52,33357.0,2.597176323268062e-05,12,392.0,0.3256563092989492,65,23816.0,0.0569658220838406,59,18091.0,0.0516070539334836,73,36688.0,0.0563496817018132,34,23859.0,0.1104200716014175,17,-1514.0,0.0828027910359409,31,5981.0,0.1432692051354737,48,5744.0,0.0948254828415361,42,15847.0,0.0219533699698728,38,18456.0,0.0,1,-30.0,0.6479556865840479,12,2625.0,0.0229647460599412,0,131.0,0.6321190957116869,0,75.0,0.7740719716976895,0,2.0,0.8219974848342506,627,230654.0
2115.0,-0.344000000000001,640,2315.1400000000003,92.6056,1.4704134724114637,14,488.0,0.0482456554205401,0,0.0,1.0,5,41.0,0.4090043017996081,4,54.0,0.1971516457067378,6,232.0,0.2160514287143102,12,-247.0,0.0611114277367782,38,11073.0,4.155375244848086e-05,8,140.0,0.2374445958631643,68,35835.0,0.0,52,33553.0,2.755355748304761e-05,18,426.0,0.3155104409492003,61,23635.0,0.0669501044123265,65,18283.0,0.0417976119234978,69,36812.0,0.0513541072993449,34,23993.0,0.1280592961708209,17,-1542.0,0.0643842969381753,28,5528.0,0.1558994335650128,49,5891.0,0.0781161911053208,42,16003.0,0.0209786285508853,38,18594.0,0.0,1,-45.0,0.5902897564759635,11,2675.0,0.0164441882236082,0,64.0,0.7552681247439692,0,26.0,0.8662527424340912,0,2.0,0.8170180497169679,640,231514.0
2120.0,-0.6175999999999989,657,2330.5800000000004,93.2232,1.202888021503545,17,465.0,0.0175643132585081,0,0.0,1.0,5,66.0,0.2119593547587989,4,74.0,0.1828343958767171,8,271.0,0.1550538912301306,15,-236.0,0.0560978171754444,38,11245.0,3.794640083432824e-05,9,182.0,0.1486821520966221,68,36033.0,0.0,52,33764.0,1.4105356163347124e-05,19,459.0,0.2296061844994703,55,23663.0,0.0800794108170283,69,18468.0,0.0318112607480988,67,36964.0,0.039626017989952,33,24106.0,0.1484121042768402,19,-1563.0,0.0668817933306366,31,5458.0,0.1759828451104745,49,6060.0,0.0619425902371255,43,16155.0,6.484081266844112e-05,38,18702.0,0.0,1,-60.0,0.6330240934167249,15,2741.0,0.0082373543019326,1,34.0,0.3731269323669422,1,5.0,0.7000758048989915,0,2.0,0.8458614204373968,657,233058.0
2125.0,0.1131999999999986,652,2327.7500000000005,93.11,1.1044622380224298,20,435.0,0.0139632612782087,0,0.0,1.0,8,100.0,0.0006430811196384,4,94.0,0.1753482101972754,4,219.0,0.2607939782572303,18,-222.0,0.0159960825589872,38,11399.0,3.797925504422863e-05,10,229.0,0.1457565256966645,66,35564.0,0.0158012131252762,52,33983.0,1.8401954385119681e-07,22,497.0,0.1313133550195758,53,23911.0,0.0789231055317629,70,18053.0,0.038444353962961,59,36766.0,0.0430293788605399,33,24200.0,0.1421760538812127,16,-1560.0,0.0973152434620729,33,5594.0,0.1482081599881912,46,6043.0,0.0362812655542575,43,16290.0,0.0192655677787217,38,18799.0,0.0,1,-57.0,0.6492837945138691,12,2378.0,0.0569122258568545,3,44.0,0.0030914261904171,3,16.0,0.4552667868179099,0,0.0,0.833596254807812,652,232775.0
2130.0,-0.3927999999999977,656,2337.57,93.5028,0.8601667412311775,25,419.0,0.0078146516912776,0,0.0,1.0,8,140.0,0.0,5,116.0,9.532179176926754e-06,0,185.0,0.374597456800629,20,-205.0,0.0010095012326317,38,11537.0,3.890320230935409e-05,10,280.0,0.2042652981540397,62,34969.0,0.0384099889580597,52,34203.0,2.145792621733244e-07,24,548.0,0.0055690278093352,58,24168.0,0.0594485061348061,66,18249.0,0.0481866561895777,59,36852.0,0.0450232657520166,33,24279.0,0.0915076137068834,11,-1626.0,0.0944098463581413,36,5742.0,0.092321164965586,45,6087.0,0.0321850868455734,43,16425.0,0.0223418670357412,38,18894.0,0.0235317859888077,1,-46.0,0.484592258534234,12,2439.0,0.0480826561813427,4,63.0,3.4593563266646906e-05,6,39.0,0.2646181635081113,0,0.0,0.5690358256318439,656,233757.0
2135.0,0.9015999999999992,627,2315.03,92.6012,0.9297373015755912,24,292.0,0.0169492318038247,0,-5.0,0.8280201498243601,3,108.0,0.2733134998613986,5,141.0,0.247836837467406,3,196.0,0.1427406973979692,21,-185.0,3.78409612067521e-05,37,11360.0,1.8077390248886733e-05,6,207.0,0.3360132723210708,50,34387.0,0.0500074518172365,52,34415.0,0.0,19,349.0,0.0398403584447244,54,23592.0,0.0656956920276086,60,18209.0,0.0524810092524188,58,36098.0,0.0441609962345091,36,24363.0,0.0499213061309167,9,-1692.0,0.1002444308878652,36,5228.0,0.0467188140323891,48,6202.0,0.0321214826086291,41,16612.0,0.0596977368266208,38,19007.0,0.0235684370860158,1,-34.0,0.5972399078124284,10,2492.0,0.0474342153217393,4,83.0,0.0,9,68.0,0.1656214767215824,3,10.0,0.1782218825286043,627,231503.0
2140.0,-0.0656000000000011,627,2316.6700000000005,92.6668,0.9616326500099708,23,285.0,0.0144356752822067,0,-10.0,0.8147531574009084,3,79.0,0.4676113574256947,5,169.0,0.4381211967265582,6,220.0,0.0100376319479386,21,-152.0,1.087501979436868e-06,32,10875.0,0.0221572628846038,1,152.0,0.5349522951629045,47,34413.0,0.0451528181927006,52,34605.0,0.0,11,206.0,0.0756204116110196,60,23871.0,0.057649477370873,55,18329.0,0.0650252617307403,60,36144.0,0.0393205517897204,43,24482.0,0.0076776704321933,8,-1747.0,0.0867060964456366,34,4749.0,0.0613599906930238,50,6341.0,0.045914825566764,41,16756.0,0.0630680511511372,38,19130.0,0.0218063106542191,1,-36.0,0.6080946006495545,13,2552.0,0.0153548394857641,4,103.0,0.0,12,111.0,0.1197741080529598,7,40.0,0.0082453273292316,627,231667.0
2145.0,-0.1907999999999994,650,2321.4400000000005,92.8576,0.9696436768889166,22,319.0,0.0134105389028416,0,-12.0,0.8342965425086081,3,74.0,0.5914869948681707,5,194.0,0.5217831008257499,8,259.0,4.2834875204397e-05,21,-139.0,0.0,27,10954.0,0.0309402370549858,0,58.0,0.8009023074702989,46,34477.0,0.0344522601430039,52,34783.0,0.0,13,223.0,0.0712632930804192,62,23725.0,0.0557962625939495,59,18532.0,0.0484287196439558,65,35204.0,0.0553454505363086,48,24672.0,0.0015277364261577,12,-1798.0,0.0837953213816579,31,4905.0,0.0670498685810895,53,6513.0,0.0200245514350565,41,16962.0,0.0427163273497567,38,19280.0,0.0210162754152042,1,-41.0,0.5710414444492389,17,2630.0,0.0009949671044946,4,123.0,0.0,13,165.0,0.1221122586801162,9,82.0,0.0002175085460109,650,232144.0
2150.0,-0.6748000000000003,676,2338.3099999999995,93.5324,0.8226319227108613,21,384.0,0.0141663850030938,0,-12.0,0.8493500350634706,3,89.0,0.6060168521728316,5,219.0,0.5060734539589103,8,299.0,0.0,21,-108.0,0.0,29,11027.0,0.0194071381140316,0,36.0,0.7554482962129179,44,34527.0,0.0222811547298765,52,34973.0,0.0,18,246.0,0.0371376038376754,67,24036.0,0.0270325206734582,68,18742.0,0.0347576468344226,68,34806.0,0.0573880643468539,51,24879.0,0.0004257531112662,15,-1841.0,0.0461917982659916,29,5052.0,0.05722047289863,53,6715.0,0.0175206880061348,41,17158.0,0.0641846576499595,38,19445.0,0.0008957451568823,1,-46.0,0.1652639898343872,18,2719.0,1.4321499836780873e-05,4,143.0,0.0,13,216.0,0.1688281473964861,9,127.0,1.226416850830617e-05,676,233831.0
2155.0,0.3547999999999993,672,2329.44,93.1776,0.8271247767833462,15,290.0,0.0606313040257358,0,-12.0,0.9739542363419922,3,104.0,0.6417638090771255,1,180.0,0.571242194202295,8,339.0,1.4428901711638033e-06,16,-382.0,0.0540142239937975,32,11119.0,0.0016927218983628,3,43.0,0.3592808238319111,45,34567.0,0.0195995890451984,52,35168.0,0.0,11,67.0,0.0842048522451598,71,24363.0,0.022222725047874,77,18993.0,0.0132690354834766,69,34418.0,0.0666836019492594,47,23637.0,0.0143523834938277,19,-1870.0,0.0318948978359709,26,5155.0,0.0647718667914744,54,6934.0,0.0321717517222586,41,17344.0,0.0503441054007072,39,19614.0,0.0,3,-45.0,0.0001551569280471,13,2311.0,0.0389116971563148,4,163.0,0.1461102238117486,14,272.0,0.1131831176973207,9,172.0,0.0,672,232944.0
2160.0,0.9748000000000006,616,2305.07,92.2028,1.0181696965225495,8,247.0,0.0613914227769663,0,0.0,1.0,0,38.0,0.5846772630270842,3,164.0,0.5008395650114982,5,310.0,0.1714480857962029,13,-371.0,0.0556965231417288,35,11217.0,9.230012187998507e-05,6,66.0,0.1274942045649184,45,34618.0,0.0181927075251201,52,35358.0,0.0084895403231008,4,71.0,0.1664466796557797,64,24025.0,0.0388861946470321,80,18934.0,0.0182610805097978,66,34592.0,0.067365409312964,37,22293.0,0.0442646302590468,19,-1856.0,0.0575506106577232,20,5007.0,0.0806176467129829,54,6938.0,0.0523245415911202,40,17198.0,0.0308460886288578,36,19069.0,0.0231413700109466,2,-36.0,0.0,9,2044.0,0.0420051558820824,1,108.0,0.4712084052225698,11,289.0,0.1937790541766427,6,184.0,0.0634699098739933,616,230507.0
2165.0,0.8551999999999983,589,2283.69,91.3476,1.317719245279395,9,239.0,0.0579253239545383,0,0.0,1.0,4,16.0,0.284392713037462,5,186.0,0.3440034649730895,0,195.0,0.4752631689429953,12,-382.0,0.1393624046502611,35,11348.0,1.0400579048939778e-06,7,100.0,0.1024171531894383,46,34698.0,0.0144307577492633,53,35530.0,0.0080377247368201,9,49.0,0.1812453007318116,54,23769.0,0.0322003964859817,81,18597.0,0.0360349184176732,65,34755.0,0.0670565057115159,28,21597.0,0.075773826290461,17,-1797.0,0.0983621560338221,17,4407.0,0.1705126548301595,53,7042.0,0.0718614928639341,40,16772.0,0.0235968013896884,34,19193.0,0.0341052584811125,2,-36.0,0.0,8,1674.0,0.1035231356316984,0,3.0,0.7354626253636759,7,207.0,0.3100378411191857,3,207.0,0.2105227943642361,589,228369.0
2170.0,0.2396000000000006,597,2277.7000000000007,91.108,1.3311511389940078,10,245.0,0.0586590171755507,0,0.0,1.0,7,45.0,0.0920438638974098,8,221.0,0.2410815383279675,0,79.0,0.6292649050896307,10,-379.0,0.1138648241101843,35,11492.0,3.4501510184322465e-07,7,135.0,0.0014540230303287,50,34826.0,0.0122042664502046,50,34030.0,0.0129779158212608,13,100.0,0.1851370825083325,49,23558.0,0.0386953176309066,82,18878.0,0.0367319127747991,72,34887.0,0.056495161673651,27,21621.0,0.0692507155908427,16,-1634.0,0.0828936193468276,20,4231.0,0.1753700591452051,52,7191.0,0.0667691252818235,41,16928.0,4.6068779980641937e-05,32,19300.0,0.0337420630242536,2,-36.0,0.0,6,1705.0,0.1077930566542481,0,3.0,0.7203206793320832,4,119.0,0.4189519611616373,4,225.0,0.3288262472417171,597,227770.0
2175.0,-0.1023999999999983,613,2280.26,91.2104,1.3183721658004453,12,258.0,0.0462638031586446,0,0.0,1.0,9,89.0,0.0920319444717629,8,261.0,0.1624930937187504,2,85.0,0.4877380218996111,11,-359.0,0.0620319328516572,33,11157.0,0.0037473490919074,8,175.0,0.0,52,34444.0,0.0110731889252396,47,34185.0,0.0139329175738206,13,115.0,0.258515530572778,46,23395.0,0.0433114878914786,82,19158.0,0.0304809361538964,74,35008.0,0.04545862238213,29,21666.0,0.0505572967951994,16,-1601.0,0.1141473092504594,22,4170.0,0.1626824852336151,56,7352.0,0.0533369347947438,41,17062.0,0.0,31,19382.0,0.0292829337205278,2,-36.0,0.0,8,1741.0,0.0559451556424787,0,3.0,0.7324988690372637,3,56.0,0.5994076158516327,8,260.0,0.3924817624287212,613,228026.0
2180.0,-0.5176000000000012,630,2293.2000000000003,91.728,1.2708757527971466,12,248.0,0.0503127217281672,0,0.0,1.0,10,135.0,0.000309453009148,8,301.0,0.1020750751580631,3,100.0,0.5080576342800014,15,-340.0,0.03454929915004,29,11285.0,0.0106208002875464,8,215.0,0.0,50,34022.0,0.0119852477952201,46,34345.0,0.0148760374527189,13,115.0,0.234239698482338,48,23618.0,0.0488769009552382,84,19432.0,0.0309684442329854,82,35194.0,0.0434256685269653,27,21698.0,0.0331580765720574,17,-1564.0,0.132774599901369,24,4289.0,0.1875064291642292,57,7517.0,0.0444496718481865,41,17190.0,0.0,30,19436.0,0.0349122355700918,2,-36.0,0.0,12,1791.0,0.0004728640335311,0,3.0,0.7834777227929116,4,26.0,0.4263467301909981,8,300.0,0.4660755084608421,630,229320.0
2185.0,-0.0948000000000019,630,2295.5700000000006,91.8228,1.044277839868344,15,214.0,0.0489536277180408,0,0.0,1.0,10,185.0,0.0,9,342.0,0.0001683538543003,3,115.0,0.3347068069196248,18,-312.0,0.0092847715817536,28,11384.0,0.0132360129311501,8,255.0,0.0,50,33335.0,0.0326268258910946,46,34516.0,0.0132609550159327,14,113.0,0.1885889131220176,51,23860.0,0.0515615994133242,87,19701.0,0.0216259554008696,81,35343.0,0.0379148760250312,26,21731.0,0.0331553354830795,15,-1604.0,0.1336151495786471,24,4409.0,0.1970953787035763,56,7499.0,0.0274758895223818,41,17302.0,0.0,29,19461.0,0.0332114319386243,2,-31.0,0.0,7,1417.0,0.0986781622477894,0,3.0,0.5331496190671187,6,37.0,0.1692908877418826,4,282.0,0.3161347805176573,630,229557.0
2190.0,-0.2707999999999979,658,2302.3400000000006,92.0936,0.662561627133911,19,188.0,0.0163449309028452,0,0.0,1.0,10,235.0,0.0,9,387.0,0.0,5,138.0,0.3414631543396297,20,-286.0,0.0009011795938863,26,11460.0,0.0099680819702196,8,295.0,0.0,49,32702.0,0.052159005362879,49,34700.0,0.0026161305741973,16,123.0,0.0343990140028495,62,24133.0,0.034643454345942,89,19999.0,0.038377462549671,84,35489.0,0.0155218292364155,26,21758.0,0.0325861889451455,14,-1644.0,0.1240783055949619,26,4534.0,0.1683056231978709,53,7545.0,0.035292832377797,41,17409.0,0.0,29,19474.0,0.0315041754158221,2,-21.0,0.0,3,1236.0,0.1248005233253583,3,12.0,0.0491486369779506,9,59.0,0.0041326265544155,6,309.0,0.1009495447937177,658,230234.0
2195.0,0.5743999999999998,622,2287.98,91.51919999999998,0.8166849612757416,22,169.0,0.0382671288117174,0,0.0,1.0,5,210.0,0.249919251780755,4,248.0,0.256150710841209,5,163.0,0.289103494903386,18,-266.0,0.0222111351580376,25,11517.0,0.0095454358266672,3,211.0,0.1252183284511209,43,32098.0,0.0643406307121886,53,34889.0,0.0001240824041836,10,85.0,0.0407627029431107,66,23967.0,0.0325269073225671,80,20188.0,0.0453533933627296,87,34518.0,0.0208703387031016,25,21774.0,0.031067950364903,14,-1669.0,0.1119991530103428,19,4281.0,0.1225439558191332,50,7667.0,0.0307641563166271,41,17515.0,0.0385534565139185,28,19456.0,0.0299980609997204,0,0.0,1.0,5,1258.0,0.1229757798001199,6,32.0,0.110871470090446,7,148.0,0.0258138358526048,6,339.0,0.0240508104102495,622,228798.0
2200.0,-0.0739999999999994,632,2289.83,91.5932,0.939833211346262,26,176.0,0.0087153403645646,0,0.0,1.0,1,160.0,0.4481127800100267,2,176.0,0.3846578415872559,6,189.0,0.2157970413288134,16,-270.0,0.0194057535355442,23,11225.0,0.0227632441024823,0,101.0,0.4398703322465333,40,32070.0,0.063046720018141,53,35070.0,1.5451323664780374e-06,8,91.0,0.0343915775448724,70,24286.0,0.0218922892036754,81,20423.0,0.0491047829671445,91,33904.0,0.0483273989318234,30,21819.0,0.0221758459525549,14,-1674.0,0.1126368343610845,22,4384.0,0.0497006655763994,49,7799.0,0.0360259827244597,41,17637.0,0.0790274019648361,27,19500.0,0.0338347191589679,0,0.0,1.0,9,1294.0,0.083310849417423,7,48.0,0.2299953948365184,7,196.0,0.0,9,379.0,0.0208454454573598,632,228983.0
2205.0,0.3776000000000003,654,2280.39,91.2156,0.8925098102383988,27,223.0,4.3702352509718216e-05,0,0.0,1.0,1,108.0,0.5765996246017473,5,193.0,0.3729895156040433,9,226.0,0.0002965958313602,14,-271.0,0.0189935768643988,20,11251.0,0.0231046268015987,0,27.0,0.6880323554616784,37,32040.0,0.0633348299893033,53,35254.0,3.52135050159922e-07,12,119.0,0.0134092882040792,71,23685.0,0.0140890718181193,85,20697.0,0.0409233018878216,95,32985.0,0.0677911481923187,33,21913.0,0.0070755621446681,17,-1658.0,0.0759688531436437,19,3824.0,0.0346080340815741,50,7974.0,0.0317662345100008,41,17776.0,0.1317161598567225,30,19598.0,0.0319572493167223,0,0.0,1.0,9,1339.0,0.0950909389160873,7,71.0,0.2544903592265098,7,231.0,0.0,12,434.0,0.0057893242632852,654,228039.0
2210.0,-0.7707999999999998,683,2299.6600000000003,91.98640000000002,0.8109686767199703,27,300.0,3.996643724864284e-07,0,0.0,1.0,1,86.0,0.6272572197962991,6,222.0,0.4761289513667918,9,271.0,1.011567618648861e-06,12,-272.0,0.0212756049066024,25,11292.0,0.0090519924939221,0,0.0,1.0,39,32013.0,0.0397480252874756,53,35427.0,0.0,16,166.0,0.0010600670265241,72,24027.0,0.0136553613894166,90,21016.0,0.0113749018349961,95,33002.0,0.081260626066375,36,22055.0,0.001517998753394,21,-1629.0,0.0202297481954407,15,3907.0,0.0391323115538043,53,8191.0,0.0291769030209303,41,17906.0,0.1613682457016485,33,19733.0,0.0017013786459798,0,0.0,1.0,9,1384.0,0.0857536954464117,7,96.0,0.2441741397991335,7,266.0,0.0,16,507.0,0.0001883977305261,683,229966.0
2215.0,-0.4784000000000003,670,2311.62,92.4648,0.8893319878290837,22,258.0,0.0281513684652281,0,0.0,1.0,3,96.0,0.6032211739941504,1,149.0,0.6240362286227709,9,316.0,0.0,9,-247.0,0.0500781861120958,31,11372.0,0.0009255798899382,0,0.0,1.0,40,32015.0,0.0224300047484249,53,35582.0,0.0,7,51.0,0.0864128317007541,69,23924.0,0.0276025901698276,94,21340.0,0.0042270645056812,94,33324.0,0.0777080331155073,39,22211.0,9.640871550162204e-05,24,-1598.0,0.0082431634792902,9,3929.0,0.0696744636321164,55,8432.0,0.0215075404792107,39,18028.0,0.135774781717261,37,19878.0,0.0008739729561421,0,0.0,1.0,6,1120.0,0.0739161732982137,6,94.0,0.2603149796687252,7,301.0,0.113784837224333,16,587.0,2.033652381482867e-06,670,231162.0
2220.0,-0.1559999999999997,638,2315.52,92.62080000000002,1.0066686153079225,18,271.0,0.0537970476606764,0,0.0,1.0,3,74.0,0.6170182288875883,1,78.0,0.5668632492562525,7,358.0,0.0710567500446208,6,-346.0,0.0764431578504166,31,11485.0,0.0013891642461332,0,0.0,1.0,41,32015.0,0.01735748465389,51,35718.0,0.0008530895350339,3,85.0,0.1266189968159646,64,24056.0,0.0344098837499739,98,21683.0,0.0068724634321989,91,33582.0,0.0611741770964806,37,22355.0,0.031149947733739,24,-1526.0,0.0204553137885177,8,3969.0,0.0667738175199479,55,8494.0,0.0198663164843742,42,18151.0,0.0838337108991327,35,19302.0,0.0156573860948486,0,0.0,1.0,3,789.0,0.1705363694027095,3,110.0,0.4709923699462554,4,263.0,0.3201890401122255,13,586.0,0.0817988350635396,638,231552.0
2225.0,0.0587999999999986,627,2314.05,92.56199999999998,1.1914955327526355,16,335.0,0.0501859571309666,0,0.0,1.0,5,93.0,0.3944961818625527,2,86.0,0.5383235206385564,6,390.0,0.2384017856741115,8,-356.0,0.0736992170905477,30,11611.0,0.0015312642732508,0,0.0,1.0,46,32023.0,0.0139728798130855,50,35004.0,0.0011461634648207,8,92.0,0.1746256999412989,57,23957.0,0.0302966457883328,99,22059.0,0.0239547613647561,87,33813.0,0.0638933858702332,40,22484.0,0.0418055762644159,20,-1397.0,0.0522931970436422,14,4024.0,0.1115776178315419,53,8695.0,0.0209240110846463,45,18275.0,0.0282777653032097,32,19401.0,0.0085949968929083,0,0.0,1.0,1,279.0,0.4720887749678949,0,12.0,0.752106398045082,0,101.0,0.6527091325261493,8,424.0,0.2555563128319337,627,231405.0
2230.0,-0.1583999999999981,633,2318.0100000000007,92.72039999999998,1.183324036661911,14,363.0,0.0549061391604873,0,0.0,1.0,7,122.0,0.2024850030352815,2,96.0,0.2465195771373375,9,423.0,0.3397932472741552,8,-359.0,0.0790430496218511,30,11755.0,0.0015810845827941,0,0.0,1.0,49,32076.0,0.011944182329995,45,34294.0,0.0149579629094691,11,95.0,0.179210663200097,52,23866.0,0.0415545429247175,99,22455.0,0.0259947662598594,91,34034.0,0.0432766056493718,40,22602.0,0.0415416708952679,18,-1414.0,0.0548068907261398,18,4108.0,0.1256586802888966,56,8842.0,0.0195312809437252,48,18407.0,0.0008483062480219,30,19455.0,0.0134901011103563,0,0.0,1.0,1,123.0,0.4689292675141097,0,3.0,0.8408653290309953,0,2.0,0.7515734945549779,5,453.0,0.3890585028809904,633,231801.0
2235.0,-0.3771999999999998,640,2327.44,93.0976,1.1474078965786425,15,369.0,0.0606911999097931,0,0.0,1.0,10,166.0,0.1740789126210434,2,106.0,0.0,9,461.0,0.4014509053494117,9,-349.0,0.074033792977299,29,11885.0,0.0014749061631652,0,0.0,1.0,50,31519.0,0.0129070857846539,40,34424.0,0.0147631130470812,12,99.0,0.1867303139706353,48,23919.0,0.049173358964371,100,22860.0,0.0266885269777744,95,34251.0,0.0358322106705409,40,22702.0,0.0421476349696705,16,-1432.0,0.0483668577406952,22,4212.0,0.1511737952893697,58,8958.0,0.010680105407295,49,18531.0,2.3931871760959136e-06,30,19464.0,0.0112345646480202,0,0.0,1.0,2,120.0,0.4934200084991528,0,3.0,0.8278666205378855,0,2.0,0.7348798361610381,4,474.0,0.3775100238549461,640,232744.0
2240.0,-0.644,661,2343.54,93.7416,0.9267220504032648,13,367.0,0.0479391801957646,0,0.0,1.0,10,216.0,0.1839138720759483,2,116.0,0.0,10,497.0,0.3057015085179131,12,-338.0,0.0213411605855332,30,12000.0,0.0013720482258966,0,0.0,1.0,51,31609.0,0.0053586862222023,44,34562.0,0.0169645774875681,13,95.0,0.0699117011869732,47,23968.0,0.0533836968144956,100,23251.0,0.0106024778039396,100,34513.0,0.0288652051949219,40,22812.0,0.0434393661670068,15,-1451.0,0.0485827845410675,25,4333.0,0.1590620616305826,61,9073.0,0.006266736155501,49,18640.0,0.0,29,19457.0,0.0099989483831116,0,0.0,1.0,2,125.0,0.4507484475842362,0,3.0,0.804523789324912,0,2.0,0.6950288115439568,8,504.0,0.244535521106452,661,234354.0
2245.0,1.2559999999999991,674,2312.140000000001,92.48560000000002,0.7538829176862175,16,356.0,0.040060169048374,0,0.0,1.0,12,271.0,0.00331635583182,2,121.0,0.300997773905372,12,543.0,0.1186212325027833,16,-322.0,0.0039046183051514,31,12099.0,0.0014193325282303,0,0.0,1.0,51,28669.0,0.0307117695847544,47,34723.0,0.0057666974645303,15,98.0,0.0003426700991751,52,24204.0,0.0413539963354059,103,23632.0,0.009285639006837,98,34750.0,0.0250698288311774,40,22908.0,0.0317372643172226,10,-1373.0,0.0875189807232013,30,4473.0,0.1275883578919089,57,8965.0,0.0164813570969392,49,18720.0,2.005957776713616e-07,23,18007.0,0.0675082354948917,0,1.0,0.7791969733643598,2,-18.0,0.3771193598529189,2,7.0,0.282114324875152,0,2.0,0.728243756226541,6,378.0,0.1601850608440035,674,231214.0
2250.0,-0.6248000000000006,694,2327.76,93.1104,0.5564736817172998,19,353.0,0.0089910832355431,0,0.0,1.0,13,335.0,1.713527154509859e-05,2,126.0,0.3136449371064985,15,602.0,0.0053297682081185,18,-299.0,0.0002950829456315,31,12185.0,0.0010495078359551,0,0.0,1.0,52,28730.0,0.0659072195197986,50,34894.0,0.0001992754870505,15,119.0,0.0,59,24472.0,0.0211016462652367,104,24005.0,0.0254366558324097,99,35021.0,0.0222716818841172,43,22975.0,0.0003661509485197,8,-1410.0,0.0856189386749809,32,4629.0,0.0792299492635252,52,8951.0,0.0193162310721972,49,18783.0,0.0,21,17969.0,0.0984912630371393,0,0.0,0.8592097761675019,2,-23.0,0.3770092565538548,5,27.0,0.0113596574261293,0,2.0,0.4812777228964833,5,330.0,0.1211666712752717,694,232776.0
2255.0,0.6360000000000002,689,2311.86,92.4744,0.5655305138392166,23,356.0,0.000655627094051,0,0.0,1.0,8,320.0,0.0390502580687383,2,131.0,0.4410590475275319,17,675.0,5.714924042984301e-06,18,-284.0,2.0320282986984783e-06,32,11931.0,0.0003095101121367,0,0.0,1.0,45,26905.0,0.0863589315494465,51,35045.0,0.0188232762448939,10,178.0,0.0775627146361819,66,24771.0,0.0073688308150197,98,24262.0,0.0303834656490466,101,34995.0,0.0266422306944677,44,23038.0,2.356614338843427e-07,8,-1419.0,0.0591483793442527,29,4076.0,0.0447329697772303,51,9043.0,0.0314505515155452,49,18847.0,0.0168751800817411,17,17913.0,0.0968932894993759,0,-9.0,0.947039159204329,2,-28.0,0.371472652469761,7,61.0,0.0001857763166856,3,13.0,0.0800169078136833,8,366.0,0.0802024897213399,689,231186.0
2260.0,-0.1188000000000001,689,2314.83,92.5932,0.5846173075894748,24,370.0,1.0476337423848342e-05,0,0.0,1.0,6,353.0,0.0323987633880152,2,136.0,0.4267298078606605,17,754.0,0.0,18,-264.0,4.1735655257190565e-07,27,12001.0,0.011957884050435,0,0.0,1.0,37,25695.0,0.1131255474290359,51,35188.0,0.0452312524542138,10,261.0,0.0140366094134591,76,25119.0,0.0124976138048021,97,24535.0,0.0361322864213812,104,35255.0,0.0275817274070366,44,23111.0,0.0,11,-1421.0,0.0419905898961157,26,3898.0,0.0659571341731487,52,9172.0,0.0260287546755515,49,18967.0,0.0163863045185496,15,17861.0,0.0932910292083051,0,-19.0,0.9213834963168044,3,-28.0,0.0174884499689242,7,96.0,0.0,5,36.0,0.0042032705482089,8,407.0,0.0747078651785689,689,231483.0
2265.0,-0.7452000000000006,708,2333.46,93.3384,0.505712536169042,24,421.0,3.4729829224988133e-07,0,0.0,1.0,9,389.0,0.0154650698458774,3,142.0,0.3860740872561355,17,831.0,0.0,18,-237.0,8.878522661953956e-07,30,12068.0,0.0043784756066148,0,0.0,1.0,33,25680.0,0.1017906524271578,51,35339.0,0.048707199749101,12,310.0,2.4199159927854224e-05,82,25502.0,0.0013513542788186,97,24867.0,0.0152889603477388,105,35512.0,0.0389592634248276,44,23223.0,0.0,14,-1409.0,0.0349584088605033,22,3707.0,0.052192565750439,52,9395.0,0.022005366250681,49,19115.0,0.0182831692099374,18,17886.0,0.0943219834243651,0,-29.0,0.5666374954511098,4,-19.0,2.829179706611535e-06,7,131.0,0.0,7,70.0,1.3283482175455789e-05,10,452.0,0.0681640873259644,708,233346.0
2270.0,-0.9795999999999976,730,2357.95,94.318,0.4368927252997586,24,496.0,0.0,0,0.0,1.0,12,443.0,0.0004360142290518,3,152.0,0.3588126660619931,17,911.0,0.0,18,-199.0,0.0,32,12152.0,0.0001168670819898,0,0.0,1.0,33,25686.0,0.0979150270693865,51,35478.0,0.0490024644414183,12,357.0,0.0,85,25915.0,0.0001919716484306,98,25246.0,0.0074465634779349,107,35811.0,0.0472821636399147,44,23354.0,0.0,15,-1406.0,0.0297474358872302,21,3816.0,0.0574518834058752,55,9650.0,0.0192465463053056,49,19232.0,0.0145997897152733,22,17947.0,0.0452571462685331,1,-19.0,0.0048652048731287,4,-9.0,0.0,7,166.0,0.0,7,105.0,0.0,13,511.0,0.008669367992225,730,235795.0
2275.0,-0.6640000000000018,719,2374.55,94.982,0.5268984854472448,19,422.0,0.0417270270695101,0,1.0,0.6688238466239472,7,360.0,0.1598912100023427,0,-24.0,0.722362927135082,17,992.0,4.368787073509701e-07,13,-128.0,0.0237851383054831,32,12251.0,8.496278590908037e-07,0,0.0,1.0,36,25727.0,0.0429262753011429,51,35612.0,0.047947288003716,5,52.0,0.0861886027998234,86,26344.0,0.0109302978677752,102,25647.0,8.045515071865315e-05,106,36096.0,0.0428411207672918,44,23486.0,0.0,18,-1404.0,0.0101995972520789,20,3918.0,0.049048507366005,58,9893.0,0.0187328819354838,46,19348.0,0.0078277745194584,25,17997.0,0.0246550025721801,1,-19.0,0.0,3,-44.0,0.0,7,201.0,0.1215947527673869,7,140.0,0.0,16,587.0,0.0007165754298736,719,237455.0
2280.0,-0.6727999999999992,683,2391.37,95.6548,0.709883089676804,15,422.0,0.0575292170995296,0,1.0,0.8736798238038761,2,345.0,0.2848287522616542,1,-26.0,0.4704287728538668,17,1072.0,0.0544742522640733,11,-117.0,0.0263466309208179,32,12371.0,6.008846983790647e-05,0,0.0,1.0,34,25758.0,0.0324165154011863,49,35732.0,0.0356229093421245,0,35.0,0.1651810006672778,83,26602.0,0.0260850581939387,102,26073.0,0.0048445604080362,104,36280.0,0.0242759111684009,42,23565.0,0.006727225134374,18,-1264.0,0.0132766309111787,21,4022.0,0.0629022101271017,58,9884.0,0.0211578108264833,45,19442.0,0.0094289015197844,26,18059.0,0.0323760965456059,1,-17.0,0.3397570371957256,0,-33.0,0.2590484668616841,4,194.0,0.1872059078302187,4,142.0,0.193893028380294,14,595.0,0.0784897015654248,683,239137.0
2285.0,-0.0715999999999979,670,2393.16,95.7264,0.9046010068099152,14,469.0,0.059598585815816,0,1.0,0.9050310785582844,5,293.0,0.2092678049088331,1,-24.0,0.033670013806781,17,1157.0,0.0478992867297935,11,-105.0,0.0257790842184602,32,12514.0,5.912930970848261e-05,0,0.0,1.0,40,25800.0,0.0546957326320079,47,34978.0,0.0247199090110472,3,23.0,0.1610476596220388,78,26715.0,0.0324241322930925,102,26508.0,0.0171828388879826,103,36519.0,0.011293316020059,42,23636.0,0.0,15,-1189.0,0.0734982726927738,25,4137.0,0.0717738631154824,54,10084.0,0.0260347110392292,43,18892.0,0.0070279235984778,26,18110.0,0.0427302845787386,1,-22.0,0.5841622669054212,0,0.0,1.0,0,97.0,0.4924150048005911,0,70.0,0.6479995561642533,11,653.0,0.1452580870455091,670,239316.0
2290.0,0.1839999999999956,669,2388.56,95.5424,0.9811845331136618,13,482.0,0.0590075361058186,0,1.0,0.9241302885187256,7,325.0,0.1910475392670344,2,-14.0,0.0,17,1242.0,0.0466025927726286,10,-100.0,0.0220513599504534,32,12660.0,5.736618510810175e-05,0,0.0,1.0,44,25877.0,0.0462865617815946,41,33379.0,0.018634774161143,6,21.0,0.1130603190447592,73,26847.0,0.0267994608921177,102,26915.0,0.0174854131225669,104,36748.0,0.0071163936465008,42,23736.0,0.0,11,-959.0,0.1385163210921906,28,4269.0,0.0865931238616155,56,10258.0,0.0208173046816762,42,18284.0,0.0176703456183834,29,18162.0,0.0388523430034776,1,-27.0,0.627883737621465,0,0.0,1.0,0,32.0,0.9151393680407982,0,24.0,0.8027109321589486,9,694.0,0.214168949692935,669,238856.0
2295.0,-0.8107999999999993,679,2408.83,96.3532,0.9623396491842006,12,470.0,0.0654898627625032,0,1.0,0.8852114574397295,7,360.0,0.1065942414143442,2,-4.0,0.0,17,1323.0,0.0006754768796333,14,-75.0,0.0097317889242668,32,12790.0,5.893625657068455e-05,0,0.0,1.0,47,25981.0,0.0372689252399248,40,33471.0,0.0250893630607245,7,31.0,0.1179197168244144,73,27104.0,0.0288290418680167,102,27271.0,0.0171342562015868,107,36991.0,0.003396359744903,42,23834.0,0.0,6,-729.0,0.2368697736559058,32,4419.0,0.1252399262246945,58,10402.0,0.0142844119025353,40,18335.0,0.0159618375330441,31,18205.0,0.0315631947431356,1,-28.0,0.5878182617923193,0,0.0,1.0,0,0.0,0.9109061335015372,0,2.0,0.8768956074119603,9,729.0,0.2302830794709128,679,240883.0
2300.0,-0.5235999999999994,696,2421.92,96.8768,0.8369420323892286,13,459.0,0.044525583766638,0,1.0,0.7299566983802557,7,394.0,0.0,2,3.0,0.0,18,1410.0,3.067522710249956e-05,16,-46.0,0.000756566908466,32,12903.0,4.840833647377175e-05,0,0.0,1.0,49,25542.0,0.0333278530547551,42,33591.0,0.0163431767258927,7,37.0,0.1174804426223163,73,27359.0,0.0223977691563514,102,27588.0,0.0168848024175647,112,37279.0,0.0024250591624417,42,23924.0,0.0,2,-756.0,0.2732069938507515,33,4580.0,0.1089347193498532,60,10561.0,0.010169211211279,39,18379.0,0.0157721479762923,34,18250.0,0.0231348438024068,1,-38.0,0.4918894468265474,0,0.0,1.0,0,0.0,1.0,0,2.0,0.8369102581501,12,770.0,0.1139653886252663,696,242192.0
2305.0,-0.5752000000000016,706,2436.3,97.45199999999998,0.6474103388995205,16,452.0,0.0126429920913937,1,6.0,0.4939099710540193,7,429.0,0.0,2,8.0,0.0,18,1500.0,1.6668953156312726e-06,17,-16.0,9.200401092686352e-06,32,12999.0,5.55871507480738e-05,0,0.0,1.0,51,25595.0,0.0135979266104218,44,33754.0,0.00509928988145,8,34.0,5.6779290457961495e-05,76,27720.0,0.0081372602440497,103,27881.0,0.0137187587292718,110,37485.0,0.0077676657632386,42,23994.0,0.0,0,-713.0,0.3129364367990211,34,4749.0,0.0764479078891034,56,10443.0,0.02286378377813,38,18409.0,0.0156594031973393,39,18303.0,0.0212929858207664,1,-43.0,0.6101758773452846,0,0.0,1.0,0,0.0,1.0,0,2.0,0.6853774615869628,11,639.0,0.0610196118955124,706,243630.0
2310.0,-0.6575999999999991,725,2452.74,98.1096,0.5263879568157339,20,455.0,0.0016960467579922,3,20.0,0.3893030964787152,7,464.0,0.0,2,13.0,0.0,18,1590.0,4.097761694799398e-07,17,0.0,6.308844327478492e-07,32,13084.0,3.46196973303988e-05,0,0.0,1.0,55,25657.0,0.0422813137959511,47,33924.0,0.0002963333843035,8,48.0,0.0,79,28093.0,0.0006024613381118,104,28157.0,0.024342879498909,111,37757.0,0.0091646240499317,42,24041.0,0.0,3,-714.0,0.1599861090791092,37,4926.0,0.0185039568211984,51,10453.0,0.0329901245195501,36,18405.0,0.0167392321214878,40,18355.0,0.0636511504157084,1,-52.0,0.6225293286438945,0,0.0,1.0,0,0.0,1.0,3,12.0,0.2813948449942612,9,586.0,0.0721776586545706,725,245274.0
2315.0,-0.2240000000000025,702,2458.34,98.3336,0.6608237586552652,21,461.0,0.0727595152834822,4,36.0,0.1914634428032027,2,333.0,0.1689108289238804,0,0.0,0.7912942929493528,18,1678.0,0.0,12,-132.0,0.0379606875937224,32,13169.0,1.041548383287582e-05,0,0.0,1.0,50,25622.0,0.0552464928623823,48,34062.0,0.016915306825394,8,73.0,0.0,81,28479.0,1.967891960030037e-05,99,28355.0,0.0319357598776667,114,38049.0,0.0084510432629387,42,24069.0,0.0,6,-721.0,0.0414843564889438,34,4424.0,0.0191339177634068,47,10570.0,0.0439905927750459,30,18393.0,0.0390530805735682,36,18322.0,0.0770018743311571,1,-53.0,0.2881668518581005,0,0.0,1.0,0,0.0,1.0,6,28.0,0.2052677128184472,11,617.0,0.0675774740173842,702,245834.0
2320.0,-0.379999999999997,702,2467.84,98.7136,0.7333699928909434,21,454.0,0.1424234322163445,4,56.0,0.0082264423174518,0,196.0,0.3433189530809111,0,1.0,0.8316420705536031,18,1763.0,0.0,8,-129.0,0.1194477259552326,32,13254.0,4.915118531530458e-07,0,0.0,1.0,51,25687.0,0.0451524551155918,48,34161.0,0.0468970163565934,8,97.0,0.0,81,28869.0,0.0,98,28606.0,0.0308020767040737,116,38328.0,0.0233529484929021,42,24112.0,0.0,10,-733.0,0.0105088006389478,29,3960.0,0.0378832147202674,50,10706.0,0.0422201459880613,29,18430.0,0.0509042144961052,37,18315.0,0.0679064592115628,2,-55.0,0.3253777520418422,0,0.0,1.0,0,0.0,1.0,8,56.0,0.184572828544034,10,650.0,0.0573154568395612,702,246784.0
2325.0,-0.6707999999999985,698,2484.61,99.3844,0.6734832530571262,21,462.0,0.0534400102751667,5,80.0,1.7673163046631282e-06,0,63.0,0.2510733426572084,0,1.0,0.8799895092711087,18,1848.0,0.0,6,-133.0,0.1375247493645456,32,13339.0,2.831595321318028e-07,0,0.0,1.0,51,25804.0,0.0441283789747861,48,34246.0,0.0672607817107011,8,114.0,0.0,81,29265.0,0.0,98,28997.0,0.0173309472792755,116,38627.0,0.0379420221720415,42,24197.0,0.0,12,-742.0,0.0008505325543228,24,3797.0,0.0538506219729502,51,10883.0,0.0366502986058766,30,18488.0,0.0301036314829085,36,18399.0,0.0558958618345467,2,-55.0,0.294209127547225,0,0.0,1.0,0,0.0,1.0,8,86.0,0.1716136318897758,9,695.0,0.0562050013265095,698,248461.0
2330.0,-0.9028000000000018,713,2507.1799999999994,100.2872,0.5874657212162884,24,520.0,0.0005877488523069,5,105.0,0.0,1,66.0,0.0,0,1.0,0.8331044198030723,18,1933.0,3.869456292096562e-07,6,-141.0,0.1330496329221681,32,13434.0,0.0,0,0.0,1.0,53,25935.0,0.043909018126276,48,34328.0,0.0652873983985732,8,132.0,0.0,81,29670.0,0.0,98,29435.0,0.0073666033104623,116,38924.0,0.0394754023654078,42,24253.0,0.0,13,-740.0,9.98275284582595e-06,20,3906.0,0.0612652328279647,54,11070.0,0.0334633508632877,33,18544.0,0.0175207281525634,38,18525.0,0.0108931955133378,3,-49.0,0.0002159047105036,0,0.0,1.0,0,0.0,1.0,8,118.0,0.1732765233033009,12,749.0,0.0439405092643153,713,250718.0
2335.0,-0.3336000000000005,709,2515.5200000000004,100.62079999999996,0.5339288450951426,20,399.0,0.0322569340466724,5,130.0,0.0,1,71.0,0.0,0,1.0,0.8208371418538457,18,2018.0,5.681404579628611e-07,3,-128.0,0.0631673201229665,32,13551.0,0.0,0,0.0,1.0,55,26066.0,0.0005506486811004,48,34417.0,0.0691301284479607,3,99.0,0.1262225464512902,81,30074.0,0.0,100,29894.0,1.1436511157976147e-05,117,39201.0,0.0367753752282351,42,24303.0,0.0,13,-725.0,0.0,17,3748.0,0.0733884901275996,51,10231.0,0.0474294207020788,37,18607.0,0.0102768581878098,40,18661.0,8.378466775593526e-05,3,-39.0,0.0,0,0.0,1.0,0,0.0,1.0,8,157.0,0.0781082489260909,15,816.0,0.008103137818988,709,251552.0
2340.0,-0.7012000000000023,684,2533.05,101.322,0.5814218083034977,15,341.0,0.0536670880262812,2,111.0,0.0903383297738813,1,76.0,0.0,0,1.0,0.8093289814425821,18,2103.0,0.0,5,-126.0,0.034638589449316,32,13688.0,0.0,0,0.0,1.0,55,26185.0,0.0095991814832384,47,34510.0,0.0416488895272353,0,66.0,0.194184872215564,78,30335.0,0.0051875153199333,100,30343.0,1.1690055686210357e-07,116,39437.0,0.0266743724904329,42,24359.0,0.0,10,-639.0,0.0384438031088108,15,3830.0,0.0900632811367335,46,10280.0,0.0324943292756497,39,18677.0,0.0042535201138245,40,18805.0,0.0140326246552968,1,-29.0,0.1092105142780474,0,0.0,1.0,0,0.0,1.0,7,161.0,0.0433796369147391,15,791.0,0.0614362343836877,684,253305.0
2345.0,-0.6379999999999958,673,2549.0,101.96,0.7893180594585667,14,367.0,0.0863359299724596,0,46.0,0.3614964276926888,1,81.0,0.0,0,1.0,0.6020448384655214,18,2178.0,0.0478793973661212,7,-101.0,0.0292517584924834,32,13829.0,0.0,0,0.0,1.0,56,26293.0,0.0172435999409043,46,34598.0,0.0012416933345828,4,56.0,0.0096266730650303,73,30450.0,0.0153292120796466,100,30740.0,0.0093587476051941,116,39731.0,0.0040834679044899,42,24423.0,0.0,5,-453.0,0.1279206581538154,16,3904.0,0.1118332826490402,47,10418.0,0.0330646933683898,41,18741.0,0.001771683141864,40,18953.0,0.0205152934658406,1,0.0,0.0,0,0.0,1.0,0,0.0,1.0,2,87.0,0.1569058311510585,12,558.0,0.1940780199271682,673,254900.0
2350.0,-0.6852000000000011,671,2566.13,102.6452,0.9080330597498916,13,371.0,0.096343347034834,0,0.0,1.0,1,86.0,0.0,2,8.0,0.0903151299867385,18,2248.0,0.0503654667475689,11,-74.0,0.0031591158198385,32,13956.0,0.0,0,0.0,1.0,56,26414.0,0.0167207226081035,46,34690.0,0.0005403593508576,5,71.0,1.6778351295568394e-05,73,30685.0,0.011882930816857,100,31092.0,0.0097607289179805,115,40039.0,0.0037595637067188,42,24490.0,0.0,1,-345.0,0.397163976788919,17,3986.0,0.1465695612531209,46,10539.0,0.03032097769542,42,18811.0,0.0009887007678736,40,19087.0,0.0244043584725234,1,5.0,0.0,0,0.0,1.0,0,0.0,1.0,2,41.0,0.4337538913618857,8,413.0,0.3896894544075978,671,256613.0
2355.0,-0.7732000000000022,688,2585.46,103.41840000000002,0.7828628374187683,12,349.0,0.0850653395864484,0,0.0,1.0,1,91.0,0.0,5,28.0,0.0002300165525399,18,2323.0,0.043399517741556,12,-48.0,4.431692563866956e-05,32,14066.0,0.0,0,0.0,1.0,56,26510.0,0.0154284869004023,48,34794.0,2.03847210052734e-05,5,76.0,0.0,77,31047.0,4.56740431715396e-05,100,31398.0,0.0098016866285968,119,40341.0,0.0006513159242079,42,24573.0,0.0,0,-227.0,0.576841871558114,23,4088.0,0.0969215362111746,47,10668.0,0.0226924441169703,42,18898.0,0.0011302495692475,40,19170.0,0.0230959714152985,1,9.0,0.0,0,0.0,1.0,0,0.0,1.0,2,-11.0,0.0,6,403.0,0.2905633634137836,688,258546.0
2360.0,-0.719999999999997,703,2603.4600000000005,104.1384,0.5479729298323915,13,318.0,0.0917949171063914,0,0.0,1.0,1,96.0,0.0,5,53.0,2.0340536433878765e-06,18,2390.0,0.0056639824626368,12,-23.0,7.304541673739209e-07,32,14155.0,0.0,0,0.0,1.0,56,26559.0,0.0149152878110959,48,34910.0,2.674745033389031e-07,5,76.0,0.0,77,31417.0,1.404453439736494e-07,100,31670.0,0.0094410771358242,122,40663.0,5.808754833880411e-05,42,24654.0,0.0,2,-219.0,0.0229558071954035,26,4208.0,0.0352257321737309,49,10794.0,0.0174542110153465,44,19001.0,0.0010477626278767,40,19234.0,0.0214455559751103,1,9.0,0.0,0,0.0,1.0,0,0.0,1.0,2,-11.0,0.0,8,392.0,0.1519911517267277,703,260346.0
2365.0,-0.4587999999999999,693,2614.9300000000003,104.5972,0.5833167582324162,16,304.0,0.0227284944511956,0,0.0,1.0,1,101.0,0.0,0,34.0,0.2973317376755593,19,2454.0,0.0,12,-1.0,0.0,32,14240.0,0.0302571148995782,0,0.0,1.0,57,26594.0,0.0239126395655297,48,35012.0,0.0,5,80.0,0.0,73,31670.0,0.0046404052680204,101,31907.0,0.0091060006336286,117,40852.0,0.006243295211378,42,24719.0,0.0,0,-135.0,0.3035291057699537,30,4346.0,0.0064513145744493,46,10625.0,0.0277130817186999,46,19074.0,0.0009454653566827,40,19271.0,0.0220414191990249,1,9.0,0.463923631031172,0,0.0,1.0,0,0.0,1.0,2,-11.0,0.0,5,348.0,0.1603328123310373,693,261493.0
2370.0,-0.5295999999999991,692,2628.17,105.1268,0.5098503607937841,19,314.0,0.0050868941352979,0,0.0,1.0,1,106.0,0.0,2,37.0,0.0163075575068785,19,2515.0,0.0,12,18.0,0.0,32,14325.0,0.0296200301513763,0,0.0,1.0,57,26652.0,0.043950783529476,48,35081.0,0.0,5,90.0,0.0,75,32027.0,0.0001500340149493,101,32155.0,0.0255146502271644,113,41076.0,0.0101167313991731,42,24764.0,0.0,1,-99.0,0.0475361314370283,35,4507.0,0.0011101248306946,40,10564.0,0.0374130896078109,45,19110.0,0.0011147646767613,41,19286.0,0.0607186980472451,1,4.0,0.6733507680550985,0,0.0,1.0,0,0.0,1.0,2,-11.0,0.0,1,296.0,0.2038016846654569,692,262817.0
2375.0,-0.1372000000000008,678,2631.5999999999995,105.264,0.610878488147953,23,328.0,0.0668355757068701,0,0.0,1.0,0,0.0,1.0,3,51.0,0.245462980304269,19,2568.0,4.783506980684978e-07,7,21.0,0.100036525400603,32,14410.0,0.028235328150349,0,0.0,1.0,53,26651.0,0.0469438404491195,48,35116.0,0.0115196452434917,5,100.0,0.0,76,32392.0,0.0,96,31933.0,0.0335838340977839,115,41328.0,0.0147735034112796,42,24790.0,0.0,2,-102.0,0.0001031141440274,32,4339.0,0.0119056137127851,39,10624.0,0.033501775076389,45,19152.0,0.0009712493715717,38,19220.0,0.0763359913706733,0,-19.0,0.9374774817833748,0,0.0,1.0,0,-9.0,0.6483398827482806,0,0.0,1.0,3,267.0,0.1207335694885811,678,263160.0
2380.0,-0.4747999999999984,676,2643.4700000000003,105.7388,0.6549657506898683,23,344.0,0.1339140631299092,0,0.0,1.0,0,0.0,1.0,3,66.0,0.2494160494824625,19,2623.0,0.0,3,46.0,0.2522801873192445,32,14495.0,0.0283968485877215,0,0.0,1.0,53,26728.0,0.0512085644070645,48,35147.0,0.0465789632589599,5,111.0,0.0,76,32758.0,0.0,91,31814.0,0.0355051457045312,118,41594.0,0.0236474323538269,42,24817.0,0.0,2,-102.0,0.0,30,4489.0,0.0125920371598989,42,10706.0,0.0312696455547862,45,19259.0,0.0009440787371818,38,19248.0,0.0660188005567986,0,-34.0,0.8704064944853279,0,0.0,1.0,0,-19.0,0.8996531336496958,0,0.0,1.0,6,257.0,0.0687535418681783,676,264347.0
2385.0,-0.6804000000000024,676,2660.4800000000005,106.4192,0.6374935808941709,23,395.0,0.1166747373770372,0,0.0,0.9558550724257092,0,0.0,1.0,3,81.0,0.2303815037384111,19,2692.0,0.0,1,49.0,0.4170049748959748,32,14584.0,0.0,0,0.0,1.0,53,26853.0,0.0457421175594693,48,35208.0,0.0634358033737637,5,114.0,0.0,76,33137.0,0.0,90,32216.0,0.0302808645815344,119,41871.0,0.0229844723696417,42,24880.0,0.0,2,-102.0,0.0,25,4321.0,0.024428123029014,46,10809.0,0.0309139324802285,45,19377.0,0.0008550212957313,38,19340.0,0.0681540994440021,0,-30.0,0.849377399704843,0,0.0,1.0,0,-22.0,0.9178550347076032,0,0.0,1.0,9,275.0,0.0654243212567966,676,266048.0
2390.0,-0.8499999999999985,689,2681.73,107.2692,0.4214067320468718,26,505.0,0.017895872644268,0,0.0,0.8381678328092443,0,0.0,1.0,3,96.0,0.2423697395370071,19,2772.0,0.0,3,36.0,0.039755880762431,32,14692.0,0.0,0,0.0,1.0,54,26981.0,0.0065653726076464,48,35265.0,0.0675307456687292,5,120.0,0.0,76,33516.0,0.0,88,32571.0,0.0234225655642048,119,42176.0,0.0213292858491952,42,24936.0,0.0,2,-102.0,0.0,25,4445.0,0.0192417342511712,50,10950.0,0.0221294453564983,46,19472.0,0.0003442548139906,39,19476.0,0.0384315968820485,0,-38.0,0.3176740129719994,0,0.0,1.0,0,-22.0,0.926102825653106,0,0.0,1.0,12,326.0,0.0348646074406311,689,268173.0
2395.0,-0.8551999999999983,700,2703.1100000000006,108.12439999999997,0.3501090653851104,24,538.0,0.0266611333868599,0,0.0,0.9873121726661952,0,0.0,1.0,3,111.0,0.1747074659905304,19,2853.0,0.0,2,54.0,0.0854749982263439,32,14821.0,0.0,0,0.0,1.0,56,27109.0,1.0839356388225548e-06,48,35324.0,0.0600170293297884,0,65.0,0.3197740534028829,76,33884.0,0.0,87,32889.0,0.0109330582019839,120,42496.0,0.0087920301500881,42,24977.0,0.0,2,-95.0,0.0,28,4583.0,0.0130174056384604,57,11155.0,0.0152872240619583,46,19582.0,7.962599964055697e-05,41,19623.0,0.0001434104459917,2,-33.0,0.0007647156132965,0,0.0,1.0,0,-22.0,0.2820959796534183,0,0.0,1.0,15,397.0,0.0086786156835013,700,270311.0
2400.0,-0.591200000000005,691,2717.89,108.7156,0.4750010017479413,18,535.0,0.055520088400382,0,0.0,0.8724640087022644,0,0.0,1.0,1,83.0,0.1910180980006462,19,2934.0,0.0451351823573444,3,58.0,0.0280774901444112,32,14956.0,0.0,0,0.0,1.0,56,27213.0,0.0097293470529262,48,35387.0,0.0611861237547492,0,25.0,0.0422279847408415,73,34125.0,0.0076760310470311,90,33204.0,0.0123534464627139,119,42666.0,0.0086249845108573,42,25040.0,0.0,0,-45.0,0.4222505305219742,30,4723.0,0.018133093645943,55,11074.0,0.0184734025213453,46,19708.0,5.195264086198873e-05,41,19751.0,6.34655138661907e-07,2,-23.0,0.0,0,2.0,0.6530127381256857,0,-10.0,0.2490457298185592,0,0.0,1.0,16,383.0,0.0311493582726842,691,271789.0
2405.0,-0.7515999999999984,691,2736.6800000000007,109.4672,0.6077892087155838,17,589.0,0.0567812954887699,0,0.0,0.3905244467215474,0,0.0,1.0,0,0.0,1.0,19,3005.0,0.1182001151370576,5,75.0,4.870254380983343e-05,32,15084.0,0.0,0,0.0,1.0,56,27319.0,0.033218288013672,48,35470.0,0.0198266581308959,2,27.0,1.1903486525409235e-05,73,34334.0,0.0,95,33519.0,0.0221685583616435,116,42929.0,0.0067326177984561,42,25131.0,0.0,0,1.0,0.9623616171369528,33,4882.0,0.0526405698865251,53,11278.0,0.0290422312602276,46,19824.0,5.163549956831035e-05,41,19877.0,4.534415425769269e-07,2,-13.0,0.0,0,-5.0,0.9082365242597804,0,0.0,1.0,0,0.0,1.0,11,342.0,0.0543982261830242,691,273668.0
2410.0,-0.7991999999999994,695,2756.66,110.26640000000002,0.5633958546069431,16,642.0,0.0520120760287663,1,4.0,5.001523491071375e-05,0,0.0,1.0,0,0.0,1.0,19,3062.0,0.1534865960760811,5,89.0,0.0,32,15197.0,0.0,0,0.0,1.0,56,27401.0,0.0325491206789118,48,35586.0,4.338266569534118e-07,2,32.0,0.0,73,34684.0,0.0,97,33822.0,0.0180971775036619,115,43169.0,0.0064509979366181,42,25223.0,0.0,0,-4.0,0.8555194306271645,34,5051.0,0.0532332942986156,55,11463.0,0.0204772417983422,46,19912.0,4.661588629642385e-05,41,19991.0,4.104850376675024e-07,2,-3.0,0.0,0,-15.0,0.9305874716084324,0,0.0,1.0,0,0.0,1.0,11,360.0,0.04441435946862,695,275666.0
2415.0,-0.7656000000000005,700,2775.8,111.032,0.4474466900992158,14,656.0,0.0466366672608394,1,9.0,0.0,0,0.0,1.0,0,0.0,1.0,20,3115.0,0.0695817652697201,5,90.0,0.0,32,15292.0,0.0,0,0.0,1.0,56,27456.0,0.0301315263672635,48,35714.0,0.0,2,37.0,0.0,73,35034.0,0.0,98,34123.0,0.0194182099665524,117,43417.0,0.0028840678929866,42,25311.0,0.0,0,-9.0,0.96046166576208,36,5227.0,0.0074684805483204,58,11664.0,0.015272471647313,46,20004.0,5.054548773680746e-05,41,20093.0,0.0,2,3.0,0.0,0,-25.0,0.9637050829995109,0,0.0,1.0,0,0.0,1.0,9,369.0,0.0465633577214741,700,277580.0
2420.0,-0.739600000000001,709,2794.290000000001,111.7716,0.340205196908327,13,639.0,0.0512840093643807,1,14.0,0.0,0,0.0,1.0,0,0.0,1.0,22,3153.0,0.0008953770437824,5,90.0,0.0,32,15378.0,0.0,0,0.0,1.0,56,27492.0,0.0070318698417791,48,35843.0,0.0,2,46.0,0.0,73,35384.0,0.0,98,34460.0,0.0176407310280441,121,43689.0,3.751206362065916e-05,42,25376.0,0.0,0,-14.0,0.9538819422086552,37,5410.0,7.437465136111743e-07,60,11873.0,0.0112537537146783,46,20086.0,4.727379945881852e-05,41,20171.0,0.0,2,3.0,0.0,0,-35.0,0.939841991290538,0,0.0,1.0,0,0.0,1.0,10,371.0,0.0461259532381513,709,279429.0
2425.0,-0.4259999999999979,705,2804.94,112.19759999999998,0.2727439732839688,15,603.0,0.0462465838942525,1,19.0,0.0,0,0.0,1.0,0,0.0,1.0,23,3178.0,1.6522513330104914e-06,5,90.0,0.0,32,15463.0,0.0,0,0.0,1.0,58,27550.0,0.0239113302955087,48,35943.0,0.0,2,52.0,0.0,73,35734.0,0.0,98,34803.0,0.0171085474271486,116,43819.0,0.0075748748820925,42,25418.0,0.0,0,0.0,1.0,37,5595.0,0.0,56,11723.0,0.0253303654822599,46,20127.0,4.978089506026302e-05,41,20234.0,0.0325478354408349,2,-2.0,0.2751082963395188,2,-42.0,0.0032921876861599,0,0.0,1.0,0,0.0,1.0,8,187.0,0.083043165648457,705,280494.0
2430.0,-0.5075999999999973,698,2817.63,112.7052,0.3065634844380542,19,574.0,0.022096459754548,1,24.0,0.0,0,0.0,1.0,0,0.0,1.0,23,3203.0,0.0,5,90.0,0.0,32,15548.0,0.0,0,0.0,1.0,58,27631.0,0.0487447787940894,48,35988.0,0.0,2,57.0,0.0,73,36084.0,0.0,99,35128.0,0.026418649810725,111,43989.0,0.0087288002455394,42,25445.0,0.0,0,0.0,1.0,37,5780.0,0.0,50,11711.0,0.0293855307150076,46,20158.0,4.646526049351596e-05,41,20267.0,0.0603551421961065,2,-7.0,0.2883339650709739,2,-42.0,3.667096612528423e-06,0,0.0,1.0,0,0.0,1.0,7,135.0,0.0803695068894038,698,281763.0
2435.0,-0.191200000000001,676,2822.4100000000003,112.8964,0.4555168839157508,23,557.0,0.0647208106191472,0,0.0,1.0,0,0.0,0.979560045041824,0,0.0,1.0,23,3222.0,0.0,0,-81.0,0.2761158501041973,32,15633.0,0.0,0,0.0,1.0,53,27638.0,0.0616664139699345,48,35999.0,0.0248182672194484,2,62.0,0.0,73,36434.0,0.0,96,35333.0,0.0295456477817253,114,44215.0,0.0112687469188837,42,25457.0,0.0,0,0.0,1.0,32,5286.0,0.014737603745988,47,11861.0,0.0390746120812189,46,20214.0,4.788997492347497e-05,38,20309.0,0.074314877496921,0,-15.0,0.9654235967006976,2,-38.0,0.0,0,0.0,1.0,0,0.0,1.0,5,155.0,0.0719369921943778,676,282241.0
2440.0,-0.3984000000000041,680,2832.37,113.2948,0.5461192905494558,25,545.0,0.105180474530134,0,0.0,1.0,0,0.0,0.9070544388121332,0,0.0,0.920358284648706,23,3246.0,0.0,0,0.0,1.0,32,15719.0,0.0,0,0.0,1.0,53,27688.0,0.045870665333344,48,36026.0,0.0367177197387354,2,67.0,0.0,73,36793.0,0.0,96,35579.0,0.0244750881430213,117,44473.0,0.0210513811953963,42,25470.0,0.0,0,0.0,1.0,27,4845.0,0.0380823300568203,49,12013.0,0.0303399020885632,46,20299.0,5.302559621830096e-05,38,20352.0,0.064607272467574,0,-15.0,0.975738406161582,2,-28.0,0.0,0,0.0,1.0,0,0.0,1.0,7,165.0,0.0814930330541102,680,283237.0
2445.0,-0.6563999999999964,682,2848.78,113.9512,0.502069544152408,26,571.0,0.0581926256334541,0,0.0,1.0,0,0.0,0.9133299106088754,0,0.0,0.9052554559961028,23,3303.0,0.0,0,0.0,1.0,32,15821.0,0.0,0,0.0,1.0,53,27827.0,0.0396591258534494,48,36059.0,0.0509866659229489,2,70.0,0.0,73,37156.0,0.0,96,35890.0,0.0260745920914059,118,44784.0,0.0278578575890241,42,25528.0,0.0,0,0.0,1.0,24,4698.0,0.0542109702914094,50,12179.0,0.0261306779648405,46,20418.0,3.4372005523806085e-05,38,20411.0,0.0664792176298789,0,0.0,1.0,2,-19.0,0.0,0,0.0,1.0,0,0.0,1.0,9,182.0,0.0258785049509498,682,284878.0
2450.0,-0.815600000000003,692,2869.17,114.7668,0.4038051811522765,28,632.0,0.0009600359999094,0,0.0,1.0,0,0.0,0.9241255064997628,0,0.0,0.9212315879741572,23,3378.0,0.0,0,0.0,1.0,32,15944.0,0.0,0,0.0,1.0,54,27965.0,0.0002609702169961,48,36092.0,0.0644536176504259,2,73.0,0.0,73,37510.0,0.0,96,36166.0,0.0194199577136982,118,45119.0,0.0281373056986602,42,25573.0,0.0,0,0.0,1.0,24,4818.0,0.0399002096714373,53,12375.0,0.0244783739603577,46,20573.0,1.3405100305427182e-05,39,20487.0,0.0219687486808306,0,0.0,1.0,2,-17.0,0.0,0,0.0,1.0,0,0.0,1.0,12,229.0,0.0025427408899087,692,286917.0
2455.0,-0.6983999999999986,692,2886.63,115.4652,0.3847704000244615,26,647.0,0.0155701108076728,0,0.0,1.0,0,0.0,0.0264578161944699,0,0.0,0.9200898291723488,23,3461.0,0.0,0,0.0,1.0,32,16079.0,0.0,0,0.0,1.0,55,28099.0,0.0,48,36125.0,0.0648767957608985,0,0.0,1.0,73,37855.0,0.0,97,36458.0,0.001240196368869,118,45435.0,0.0278794568743741,42,25640.0,0.0,0,0.0,1.0,23,4704.0,0.0292729029801077,54,12581.0,0.0186086320283005,46,20720.0,1.8051614383994436e-06,39,20578.0,0.0210664596588415,0,0.0,1.0,2,-11.0,0.0,0,0.0,1.0,0,0.0,1.0,14,292.0,8.248964059602557e-05,692,288663.0
2460.0,-0.5835999999999997,687,2901.22,116.0488,0.3550277008046479,24,716.0,0.0170785710188254,0,0.0,1.0,0,0.0,0.6922462490437685,0,1.0,0.396508646910498,23,3538.0,0.0,0,0.0,1.0,32,16212.0,0.0,0,0.0,1.0,55,28211.0,0.0,48,36153.0,0.031835954403673,0,0.0,1.0,73,38200.0,0.0,99,36784.0,0.0049130885123835,117,45631.0,0.0121613913642966,42,25738.0,0.0,0,0.0,1.0,23,4818.0,0.0161891327738638,54,12433.0,0.0197273385635745,46,20858.0,6.699919441274516e-07,40,20678.0,0.0116227914995227,0,2.0,0.7651868224482545,0,-3.0,0.3557046085863062,0,0.0,1.0,0,0.0,1.0,11,152.0,0.0250183489160187,687,290122.0
2465.0,-0.6992000000000025,681,2918.7,116.748,0.4060005919188432,22,771.0,0.0142413119131444,0,0.0,1.0,0,0.0,0.8948168403815903,1,5.0,0.4912606390386077,23,3623.0,0.0,0,0.0,1.0,32,16324.0,0.0,0,0.0,1.0,55,28286.0,0.0154533249143304,48,36211.0,0.0200060998089523,0,0.0,1.0,73,38536.0,0.0,99,37112.0,0.0184699866317635,115,45847.0,0.0037882172415908,42,25846.0,0.0,0,0.0,1.0,25,4939.0,0.0133785632288003,53,12470.0,0.033145109565602,46,20976.0,7.292003136032648e-07,40,20767.0,0.023012296383715,0,1.0,0.8860210017116776,0,0.0,1.0,0,0.0,0.3721550624539712,0,0.0,1.0,7,156.0,0.052490757837356,681,291870.0
2470.0,-0.5536000000000009,675,2932.54,117.30160000000002,0.4369995391645053,21,804.0,0.0138073605441277,0,0.0,1.0,0,0.0,0.8819787504464357,1,10.0,0.4824227271137381,23,3702.0,0.0,0,0.0,1.0,32,16419.0,0.0,0,0.0,1.0,55,28334.0,0.015122082359152,48,36311.0,0.0,0,0.0,1.0,73,38866.0,0.0,99,37404.0,0.0184266513778951,116,46033.0,0.0033993379917791,42,25935.0,0.0,0,0.0,1.0,23,5059.0,0.0147952379630838,51,12334.0,0.0443213712133181,46,21062.0,3.875599680646858e-07,40,20852.0,0.0214885331356277,0,-7.0,0.9302602121607706,0,0.0,1.0,0,0.0,0.730345523646744,0,0.0,1.0,5,136.0,0.0628590147931363,675,293254.0
2475.0,-0.6415999999999982,683,2948.58,117.9432,0.3897576479826971,22,821.0,0.012484393363753,0,0.0,1.0,0,0.0,0.8612269505795915,1,15.0,0.4681923012508401,23,3753.0,0.0,0,0.0,1.0,32,16504.0,0.0,0,0.0,1.0,55,28354.0,0.017630332307598,48,36436.0,0.0,0,0.0,1.0,73,39195.0,0.0,99,37703.0,0.0178949504136041,119,46248.0,0.0008220896438225,42,26011.0,0.0,0,0.0,1.0,22,5173.0,0.013875263242939,55,12489.0,0.0422355379261285,46,21125.0,8.134847435865398e-07,40,20935.0,0.0226630810184958,0,-17.0,0.8156057619587964,0,0.0,1.0,0,0.0,0.9185462404819752,0,0.0,1.0,6,113.0,0.0520264089320675,683,294858.0
2480.0,-0.636400000000001,689,2964.4900000000007,118.5796,0.2889256094948572,20,835.0,0.0151718624021058,0,0.0,1.0,0,0.0,0.4375211452254775,1,20.0,0.2395578370734245,23,3793.0,0.0,0,0.0,1.0,32,16589.0,0.0,0,0.0,1.0,55,28369.0,0.0149331185859333,48,36550.0,0.0,0,0.0,1.0,73,39519.0,0.0,100,38016.0,0.0097510860739835,121,46529.0,1.0267282002419038e-05,42,26074.0,0.0,0,0.0,1.0,24,5287.0,0.0097879655056331,55,12619.0,0.0302171069622732,46,21174.0,5.514946796958698e-07,40,21000.0,0.0126578356619488,0,-27.0,0.8419319292544517,0,0.0,1.0,0,0.0,0.9342464101485604,0,0.0,1.0,9,102.0,0.0049357323519266,689,296449.0
2485.0,-0.4103999999999982,687,2974.75,118.99,0.2872050627283669,19,846.0,0.0161800501092929,0,0.0,1.0,1,5.0,6.585441787443476e-05,2,29.0,1.0923879401929098e-05,23,3834.0,0.0,0,0.0,1.0,32,16674.0,0.0,0,0.0,1.0,55,28383.0,0.0273043303906795,48,36625.0,0.0,0,0.0,1.0,73,39825.0,0.0,101,38312.0,0.0133325432900312,116,46645.0,0.006455787720777,42,26125.0,0.0,0,0.0,1.0,28,5419.0,0.0028408959695827,52,12426.0,0.0464919651425824,46,21205.0,1.993002735014084e-07,41,21054.0,0.0234130959601074,1,-36.0,0.0348620134448828,0,0.0,1.0,0,0.0,0.9451514457192404,0,0.0,1.0,7,104.0,0.0775403004460865,687,297475.0
2490.0,-0.4612000000000029,684,2986.28,119.4512,0.3093249020700236,25,861.0,0.007468069658346,0,0.0,1.0,1,10.0,0.0,2,39.0,0.0,23,3888.0,0.0,0,0.0,1.0,32,16759.0,0.0,0,0.0,1.0,56,28404.0,0.0439713176697451,48,36666.0,0.0,0,0.0,1.0,73,40112.0,0.0,101,38567.0,0.0273691655401149,112,46849.0,0.0100032239632347,42,26158.0,0.0,0,0.0,1.0,31,5565.0,0.0002061349713411,46,12386.0,0.0551446486171009,46,21229.0,5.227926445313271e-07,41,21086.0,0.0565500299265965,2,-36.0,4.251205661840125e-05,0,0.0,1.0,0,0.0,0.1220852438851557,0,0.0,1.0,3,85.0,0.1512215572087218,684,298628.0
2495.0,-0.1683999999999998,667,2990.490000000001,119.6196,0.3999758177170645,21,791.0,0.0148461441328323,0,0.0,1.0,1,15.0,0.0,2,49.0,0.0,23,3940.0,0.0,0,0.0,1.0,32,16844.0,0.0,0,0.0,1.0,53,28348.0,0.0543482884844385,48,36701.0,0.0284245081137294,0,0.0,1.0,73,40395.0,0.0,96,38707.0,0.0343253609207234,114,47097.0,0.0101384363675815,42,26172.0,0.0,0,0.0,1.0,26,5132.0,0.0178851919462593,44,12476.0,0.0530289094219066,46,21290.0,5.252866182131799e-07,38,21055.0,0.0722467722106888,2,-27.0,0.0,0,0.0,1.0,3,9.0,0.0014988004899141,0,0.0,1.0,3,55.0,0.1160199413397435,667,299049.0
2500.0,-0.5539999999999992,673,3004.34,120.1736,0.4077449232630765,23,838.0,0.0148652977535849,0,0.0,1.0,1,20.0,0.0,2,59.0,0.0,23,3998.0,0.0,0,0.0,1.0,32,16939.0,0.0,0,0.0,1.0,53,28393.0,0.0464281276614753,48,36735.0,0.0547596906796488,0,0.0,1.0,73,40689.0,0.0,96,38874.0,0.0255266543998274,117,47355.0,0.0188661970067066,42,26192.0,0.0,0,0.0,1.0,24,5253.0,0.0298308256894464,44,12562.0,0.0494520762986326,46,21396.0,3.939854151389163e-07,38,21085.0,0.0603069538090364,2,-17.0,0.0,0,0.0,1.0,3,24.0,0.0,0,0.0,1.0,6,39.0,0.0105563833242028,673,300434.0
2505.0,-0.4891999999999964,678,3016.57,120.6628,0.4093529622251805,22,900.0,0.013303279074058,0,0.0,1.0,1,25.0,0.0,2,69.0,0.0,23,4077.0,0.0,0,0.0,1.0,32,17054.0,0.0,0,0.0,1.0,53,28459.0,0.0304097632055418,48,36774.0,0.0560404195799779,0,0.0,1.0,73,41002.0,1.3077196912806976e-07,96,39117.0,0.0179868821271216,118,47645.0,0.034409124513639,42,26232.0,0.0,0,0.0,1.0,23,4877.0,0.0234779864541492,47,12669.0,0.0436834200746462,46,21552.0,4.355986131924898e-07,38,21114.0,0.0599035549162066,2,-7.0,0.0,0,0.0,1.0,3,39.0,0.0,0,0.0,1.0,9,59.0,0.0002248580145496,678,301657.0
2510.0,-0.7100000000000027,682,3034.3200000000006,121.3728,0.3140950408481354,20,957.0,0.0156623919927675,0,0.0,1.0,1,30.0,0.0,2,79.0,0.0,23,4132.0,0.0,0,0.0,1.0,32,17183.0,0.0,0,0.0,1.0,54,28519.0,0.0003530791948363,48,36817.0,0.0667830649009224,0,0.0,1.0,73,41313.0,0.0,97,39366.0,0.0010388000254413,118,47927.0,0.0417744780038323,42,26288.0,0.0,0,0.0,1.0,23,4992.0,0.0146265964611773,51,12812.0,0.0294246679068084,46,21689.0,4.400491970012233e-07,38,21168.0,0.0159655856750896,2,3.0,0.0,0,0.0,1.0,3,54.0,0.0,0,0.0,1.0,9,103.0,8.440945281591785e-07,682,303432.0
2515.0,-0.3795999999999977,678,3043.8100000000004,121.7524,0.3597784324071569,14,867.0,0.0412579363187611,0,0.0,1.0,1,35.0,0.4484188045010246,1,35.0,0.0,23,4180.0,0.0,0,0.0,1.0,32,17314.0,0.0,0,0.0,1.0,55,28554.0,0.0,48,36865.0,0.0488023299992409,0,0.0,1.0,73,41645.0,9.629683453388549e-08,98,39621.0,8.30812786755307e-08,118,48173.0,0.0371756094904694,42,26369.0,0.0,0,0.0,1.0,22,4540.0,0.0356912413454113,54,12984.0,0.0256261908017685,46,21822.0,0.0,40,21203.0,6.063568495835125e-06,2,12.0,0.0,0,0.0,1.0,0,18.0,0.4018758811855943,0,1.0,0.6795322306040401,9,143.0,0.0,678,304381.0
2520.0,-0.302799999999999,660,3051.38,122.0552,0.4648831293931238,9,823.0,0.079043351968128,0,2.0,0.5980841222066705,0,0.0,0.9149658499097046,0,0.0,1.0,23,4220.0,0.0293831733741094,0,0.0,1.0,32,17428.0,0.0,0,0.0,1.0,55,28569.0,0.0073356989714322,48,36901.0,0.0317397035976225,0,0.0,1.0,73,41982.0,0.0,98,39859.0,0.0,116,48221.0,0.0144993438498861,42,26469.0,0.0,0,0.0,1.0,17,4382.0,0.0564124723170723,55,13024.0,0.029774114369339,46,21954.0,0.0,40,21237.0,0.0,0,0.0,1.0,0,0.0,1.0,0,0.0,1.0,0,1.0,0.919634274508166,6,66.0,0.0747368932767988,660,305138.0
2525.0,-0.5288000000000015,655,3064.6000000000004,122.584,0.5424098218673298,9,805.0,0.0635282445983139,0,2.0,0.916538392122992,0,0.0,0.8700205657345308,0,0.0,1.0,23,4267.0,0.0390931123151391,0,0.0,1.0,32,17531.0,0.0,0,0.0,1.0,55,28589.0,0.0307347334403867,48,36941.0,0.019145083719368,0,0.0,1.0,73,42307.0,0.0,98,40077.0,0.0096822970980377,116,48445.0,0.0083501264556769,42,26556.0,0.0,0,0.0,1.0,16,4465.0,0.051322695499836,56,13215.0,0.0219623227014985,46,22057.0,0.0,40,21278.0,0.0,0,0.0,1.0,0,0.0,1.0,0,0.0,1.0,0,1.0,0.9082663477622064,1,-76.0,0.2183641915495932,655,306460.0
2530.0,-0.5476000000000015,658,3078.29,123.1316,0.474203309727269,13,783.0,0.0543609676679481,0,2.0,0.9731978936490842,0,0.0,0.9565956545468304,0,0.0,1.0,23,4331.0,0.0003323338393776,0,0.0,1.0,32,17618.0,0.0,0,0.0,1.0,55,28608.0,0.0304085986500162,48,36981.0,0.0,0,0.0,1.0,73,42623.0,0.0,98,40314.0,0.0089647754066082,114,48662.0,0.0065933859192063,42,26630.0,0.0,0,0.0,1.0,14,4539.0,0.0523984461912249,58,13373.0,0.0176257935869354,46,22122.0,0.0,40,21336.0,0.0,0,0.0,1.0,0,0.0,1.0,0,0.0,1.0,0,1.0,0.8810942472532591,2,-94.0,0.0842693945560704,658,307829.0
2535.0,-0.5756000000000008,667,3092.68,123.7072,0.4115114473807546,13,777.0,0.0456794339650359,0,2.0,0.9662289851224576,0,0.0,1.0,0,0.0,1.0,24,4410.0,0.0,0,0.0,1.0,32,17703.0,0.0,0,0.0,1.0,55,28622.0,0.0323074839016154,48,37008.0,0.0,0,0.0,1.0,73,42932.0,0.0,98,40560.0,0.0082072844436948,117,48932.0,0.0025429402368639,42,26693.0,0.0,0,0.0,1.0,13,4610.0,0.0553991973247936,61,13529.0,0.0081252440318953,46,22187.0,0.0,40,21402.0,0.0,0,0.0,1.0,0,0.0,1.0,0,0.0,1.0,0,1.0,0.8985341730695299,5,-100.0,0.0017009146678441,667,309268.0
2540.0,-0.599999999999998,677,3107.6800000000007,124.3072,0.3421098475953588,13,766.0,0.051493659510496,0,2.0,0.8262296805527627,0,0.0,1.0,0,0.0,1.0,24,4494.0,0.0,0,0.0,1.0,32,17788.0,0.0,0,0.0,1.0,55,28657.0,0.03175388748503,48,37016.0,0.0,0,0.0,1.0,73,43213.0,0.0,98,40784.0,0.0078626592617512,121,49251.0,0.0002677731949873,42,26742.0,0.0,0,0.0,1.0,17,4688.0,0.0280468390111655,62,13726.0,0.0066087597832988,46,22253.0,0.0,40,21484.0,0.0,0,0.0,1.0,0,0.0,1.0,0,0.0,1.0,0,0.0,0.0313766317978422,6,-96.0,0.2225013893214072,677,310768.0
2545.0,-0.3788000000000007,674,3117.1500000000005,124.686,0.3019146993880092,16,741.0,0.0464205972510294,1,4.0,0.4810895612170396,0,0.0,1.0,0,0.0,1.0,24,4578.0,0.0,0,0.0,1.0,32,17873.0,0.0,0,0.0,1.0,56,28718.0,0.0143509094880275,48,37016.0,0.0,0,0.0,1.0,73,43441.0,0.0,98,40983.0,0.0168177484217779,117,49408.0,0.0043784378184664,42,26783.0,0.0,0,0.0,1.0,20,4782.0,0.007897101923489,59,13559.0,0.0215658966646166,46,22292.0,0.0,40,21561.0,0.0301814310273267,0,0.0,1.0,0,0.0,1.0,0,0.0,1.0,1,3.0,3.035281568917534e-05,1,-27.0,0.4780374982944517,674,311715.0
2550.0,-0.4295999999999989,671,3127.89,125.1156,0.2964980840938183,20,744.0,0.0205060360202483,1,9.0,0.4926406130117229,0,0.0,1.0,0,0.0,1.0,24,4657.0,0.0,0,0.0,1.0,32,17958.0,0.0,0,0.0,1.0,57,28815.0,0.0403726065039777,48,37016.0,0.0,0,0.0,1.0,73,43634.0,0.0,98,41165.0,0.0256831032449315,112,49587.0,0.0120813998807319,42,26805.0,0.0,0,0.0,1.0,23,4891.0,0.0005708068671058,54,13569.0,0.0230535334077714,46,22319.0,0.0,40,21612.0,0.0606168158993753,0,0.0,1.0,0,0.0,1.0,0,0.0,1.0,1,8.0,0.0,0,0.0,0.4278807972732276,671,312789.0
2555.0,-0.2296000000000016,666,3133.63,125.3452,0.3649331753454409,23,769.0,0.0029089261261047,1,14.0,0.0043395158018906,0,0.0,1.0,0,1.0,0.7110585023433841,24,4737.0,0.0,0,0.0,1.0,32,18046.0,0.0,0,0.0,1.0,53,28842.0,0.0526580810410761,48,37024.0,0.0180038816125722,0,0.0,1.0,73,43788.0,0.0,96,41257.0,0.0320108711288368,114,49788.0,0.019629913482188,42,26811.0,0.0,0,0.0,1.0,20,4520.0,0.0276107896169461,52,13737.0,0.0196911600259926,46,22367.0,0.0,38,21644.0,0.0662387063491437,0,0.0,1.0,0,0.0,1.0,0,0.0,1.0,1,13.0,0.0,3,5.0,0.3613106216345405,666,313363.0
2560.0,-0.3416000000000019,673,3142.17,125.6868,0.3570910232218722,25,813.0,6.0721311758406895e-05,2,24.0,0.0,0,0.0,1.0,0,1.0,0.9675420133101024,24,4821.0,0.0,0,0.0,1.0,32,18156.0,0.0,0,0.0,1.0,53,28947.0,0.042097252049098,48,37038.0,0.0303693256015442,0,0.0,1.0,73,43941.0,0.0,96,41442.0,0.0264423501565124,117,49998.0,0.0202642664288543,42,26820.0,0.0,0,0.0,1.0,20,4191.0,0.0,51,13895.0,0.0276755550853725,46,22444.0,0.0,38,21658.0,0.0710148647384693,0,0.0,1.0,0,0.0,1.0,0,0.0,1.0,1,18.0,0.0,5,10.0,0.0008854259329425,673,314217.0
2565.0,-0.5995999999999977,677,3157.1599999999994,126.2864,0.3431909638251301,25,858.0,1.263255930319169e-06,2,34.0,0.0,0,0.0,1.0,0,1.0,0.904993160921618,24,4890.0,0.0,0,0.0,1.0,32,18283.0,0.0,0,0.0,1.0,53,29055.0,0.0448959885697586,48,37075.0,0.0385570535284723,0,0.0,1.0,73,44179.0,0.0,96,41697.0,0.0250802879994402,119,50215.0,0.0235301287094542,42,26853.0,0.0,0,0.0,1.0,20,4291.0,0.0,53,14047.0,0.0241671284141824,46,22519.0,0.0,38,21675.0,0.0438540858213249,0,0.0,1.0,0,0.0,1.0,0,0.0,1.0,1,23.0,0.0,5,21.0,6.377536337013264e-06,677,315716.0
2570.0,-0.6175999999999976,680,3172.6000000000004,126.904,0.2694242204557004,25,923.0,3.039566790879344e-07,2,44.0,0.0,0,0.0,1.0,0,1.0,0.9422642095883872,24,4929.0,0.0,0,0.0,1.0,32,18415.0,0.0,0,0.0,1.0,53,29162.0,0.0263402409463676,48,37088.0,0.0509811774489807,0,0.0,1.0,73,44471.0,0.0,96,41963.0,0.0122051812771645,119,50394.0,0.0139800165268226,42,26894.0,0.0,0,0.0,1.0,20,4391.0,0.0,56,14214.0,0.0193458098777361,46,22617.0,0.0,38,21690.0,0.0166462361308745,0,0.0,1.0,0,0.0,1.0,0,0.0,1.0,1,28.0,0.0,5,36.0,0.0,680,317260.0
2575.0,-0.5988000000000018,685,3187.57,127.5028,0.1928823857948324,20,865.0,0.0446063937554504,2,54.0,0.0,0,0.0,1.0,0,1.0,0.4564784515284384,24,4952.0,0.0,0,0.0,1.0,32,18536.0,0.0,0,0.0,1.0,53,29262.0,0.021239818914013,48,37095.0,0.0361959442432972,0,0.0,1.0,73,44782.0,0.0,98,42256.0,0.0003195825625438,121,50581.0,0.0067686587348403,42,26962.0,0.0,0,0.0,1.0,20,4491.0,0.0,60,14392.0,0.0162981253015971,46,22731.0,0.0,40,21713.0,1.9559765678971764e-05,0,0.0,1.0,0,0.0,1.0,0,0.0,1.0,1,33.0,0.0,5,51.0,0.0,685,318757.0
2580.0,-0.4383999999999992,672,3198.53,127.9412,0.2756682312090736,15,805.0,0.0914993220911641,0,23.0,0.2627081345812672,0,0.0,1.0,1,5.0,0.0152225046851424,24,4982.0,0.0,0,0.0,1.0,32,18641.0,0.0,0,0.0,1.0,55,29340.0,0.0084246933389254,48,37115.0,0.0310936917382637,0,0.0,1.0,73,45067.0,0.0,99,42569.0,2.975329361703852e-07,118,50626.0,0.0088112285316926,42,27043.0,0.0,0,0.0,1.0,20,4591.0,0.0,57,14356.0,0.0241974216187931,46,22846.0,0.0,40,21737.0,0.0137759770276718,0,0.0,1.0,0,0.0,1.0,0,0.0,1.0,0,0.0,1.0,2,107.0,0.2149432457883503,672,319853.0
2585.0,-0.5612000000000009,665,3212.5600000000004,128.50240000000002,0.3351180892185174,14,816.0,0.1182020179201445,0,0.0,1.0,0,0.0,1.0,2,15.0,0.0,24,5032.0,0.0,0,0.0,1.0,32,18726.0,0.0,0,0.0,1.0,55,29389.0,0.0312079439050932,48,37175.0,0.0191737199052847,0,0.0,1.0,73,45325.0,0.0,99,42851.0,0.0080736719716529,115,50836.0,0.0063564520919593,42,27105.0,0.0,0,0.0,1.0,20,4691.0,0.0,54,14498.0,0.0210103675168233,46,22930.0,0.0,40,21762.0,0.0439394019792209,0,0.0,1.0,0,0.0,1.0,0,0.0,1.0,0,0.0,1.0,1,105.0,0.2800738673303348,665,321256.0
2590.0,-0.5492000000000019,668,3226.29,129.0516,0.3124096835017108,13,809.0,0.1258348759959131,0,0.0,1.0,0,0.0,1.0,2,25.0,0.0,24,5099.0,0.0,0,0.0,1.0,32,18806.0,0.0,0,0.0,1.0,55,29412.0,0.0340388300975343,48,37263.0,0.0200767453509397,0,0.0,1.0,73,45554.0,0.0,99,43080.0,0.0085802020294387,114,51048.0,0.0065711904807816,42,27169.0,0.0,0,0.0,1.0,20,4791.0,0.0,57,14664.0,0.0161155627535417,46,22996.0,0.0,40,21800.0,0.0424181521193362,0,0.0,1.0,0,0.0,1.0,0,0.0,1.0,0,0.0,1.0,3,113.0,0.2391143533812015,668,322629.0
2595.0,-0.5759999999999978,672,3240.69,129.6276,0.2615318242291869,12,805.0,0.1322570307534323,0,0.0,1.0,0,0.0,1.0,2,35.0,0.0,24,5186.0,0.0,0,0.0,1.0,32,18882.0,0.0,0,0.0,1.0,55,29436.0,0.0320323845400153,48,37336.0,0.0,0,0.0,1.0,73,45771.0,0.0,99,43289.0,0.0079327362034367,117,51324.0,0.0007862830099573,42,27231.0,0.0,0,0.0,1.0,20,4891.0,0.0,59,14851.0,0.0088353454293271,46,23057.0,0.0,40,21852.0,0.0426401269939047,0,0.0,1.0,0,0.0,1.0,0,0.0,1.0,0,0.0,1.0,3,123.0,0.2414803151709756,672,324069.0
2600.0,-0.6032000000000011,682,3255.7699999999995,130.2308,0.2237577438972999,14,817.0,0.0964324551712273,0,0.0,1.0,0,0.0,1.0,2,45.0,0.0,24,5289.0,0.0,0,0.0,1.0,32,18957.0,0.0,0,0.0,1.0,55,29472.0,0.031823370220152,48,37380.0,0.0,0,0.0,1.0,73,45980.0,0.0,99,43502.0,0.0091000597456155,120,51642.0,3.8487019376305566e-05,42,27291.0,0.0,0,0.0,1.0,20,4991.0,0.0,63,15050.0,0.0075222187322785,46,23116.0,0.0,40,21911.0,0.0420066531432503,0,0.0,1.0,0,0.0,1.0,0,0.0,1.0,0,0.0,1.0,4,134.0,0.0010238130051137,682,325577.0
2605.0,-0.3231999999999992,672,3263.8499999999995,130.554,0.2088374618025035,18,846.0,0.0260173085767519,0,0.0,1.0,0,0.0,1.0,2,55.0,0.0,24,5399.0,0.0,0,0.0,1.0,32,19028.0,0.0,0,0.0,1.0,55,29527.0,0.0334175666006566,48,37412.0,0.0,0,0.0,1.0,73,46147.0,0.0,99,43704.0,0.018598742774475,115,51814.0,0.0069398886232993,42,27331.0,0.0,0,0.0,1.0,20,5091.0,0.0,57,14867.0,0.0173379553502457,46,23154.0,0.0,41,21966.0,0.0204452665654481,0,0.0,1.0,0,0.0,1.0,0,0.0,1.0,0,0.0,1.0,0,44.0,0.2412087965212923,672,326385.0
2610.0,-0.3811999999999984,671,3273.38,130.9352,0.2299248884841703,21,878.0,0.0024635740398692,0,0.0,1.0,0,0.0,1.0,2,65.0,0.0,24,5487.0,0.0,0,0.0,1.0,32,19084.0,0.0,0,0.0,1.0,57,29611.0,0.044403363438093,48,37447.0,0.0,0,0.0,1.0,73,46278.0,0.0,99,43915.0,0.0272194296629981,112,51980.0,0.0084365366194337,42,27347.0,0.0,0,0.0,1.0,20,5191.0,0.0,52,14833.0,0.0218632840717055,46,23198.0,0.0,42,22017.0,0.0623870571465924,0,0.0,1.0,0,0.0,1.0,0,0.0,1.0,0,0.0,1.0,1,7.0,0.0064505159678489,671,327338.0
2615.0,-0.3584000000000001,661,3282.3399999999992,131.2936,0.3230969619940213,24,906.0,9.03335393071978e-05,0,0.0,1.0,0,0.0,1.0,0,0.0,1.0,24,5562.0,0.0492307068868664,0,0.0,1.0,32,19154.0,0.0,0,0.0,1.0,53,29638.0,0.0527979958942375,48,37481.0,0.0181794514306528,0,0.0,1.0,73,46377.0,0.0,96,44064.0,0.0331898291637813,114,52175.0,0.0135743135229096,42,27348.0,0.0,0,0.0,1.0,20,5291.0,0.0,50,14931.0,0.0247495175378716,46,23256.0,0.0,38,22039.0,0.0743100910034448,0,0.0,1.0,0,0.0,1.0,0,0.0,1.0,0,0.0,1.0,1,12.0,1.0550206747472751e-05,661,328234.0
2620.0,-0.4408000000000001,664,3293.36,131.73440000000002,0.3802874498183321,24,936.0,2.2106773688371586e-06,0,0.0,1.0,0,0.0,1.0,0,0.0,1.0,24,5626.0,0.0482728359754792,0,0.0,1.0,32,19254.0,0.0,0,0.0,1.0,53,29720.0,0.0440011930995495,48,37498.0,0.0512322522745824,0,0.0,1.0,73,46477.0,0.0,96,44295.0,0.0262542960255608,117,52374.0,0.0197848648885208,42,27354.0,0.0,0,0.0,1.0,20,5391.0,0.0,50,14989.0,0.0232704960854264,46,23335.0,0.0,38,22070.0,0.0638218511234911,0,0.0,1.0,0,0.0,1.0,0,0.0,1.0,0,0.0,1.0,1,17.0,0.0,664,329336.0
2625.0,-0.5148000000000017,668,3306.23,132.2492,0.3750533224717081,24,968.0,0.0,0,0.0,1.0,0,0.0,1.0,0,0.0,0.8220151937767887,25,5665.0,0.0018054959964469,0,0.0,1.0,32,19377.0,0.0,0,0.0,1.0,53,29808.0,0.0476301773206381,48,37508.0,0.0478232526564125,0,0.0,1.0,73,46647.0,0.0,96,44615.0,0.0268747927147839,117,52573.0,0.0273660249831694,42,27369.0,0.0,0,0.0,1.0,20,5491.0,0.0,53,15058.0,0.0195753103671503,46,23428.0,0.0,38,22094.0,0.0634330633071117,0,0.0,1.0,0,0.0,1.0,0,0.0,1.0,0,0.0,1.0,1,22.0,0.0,668,330623.0
2630.0,-0.569199999999999,672,3320.459999999999,132.8184,0.2996303768981461,24,1023.0,0.0,0,0.0,1.0,0,0.0,1.0,0,0.0,0.9824813607060006,26,5700.0,1.872291219323615e-05,0,0.0,1.0,32,19493.0,0.0,0,0.0,1.0,53,29891.0,0.0391203306738338,48,37516.0,0.0471613179686664,0,0.0,1.0,73,46887.0,0.0,96,44933.0,0.007151984005737,117,52756.0,0.0298809312646396,42,27414.0,0.0,0,0.0,1.0,20,5591.0,0.0,56,15147.0,0.0173134499458851,46,23527.0,0.0,38,22141.0,0.0071114082502049,0,0.0,1.0,0,0.0,1.0,0,0.0,1.0,0,0.0,1.0,1,27.0,0.0,672,332046.0
2635.0,-0.2204000000000013,667,3325.9700000000003,133.03879999999998,0.3287474998551684,19,929.0,0.0417788651029394,0,0.0,1.0,0,0.0,1.0,0,0.0,0.9966357185086816,26,5739.0,0.0,0,0.0,1.0,32,19583.0,0.0,0,0.0,1.0,55,29966.0,0.0012722425710015,48,37527.0,0.0481747847523105,0,0.0,1.0,73,47169.0,0.0,98,45236.0,9.827513522625028e-06,117,52925.0,0.0291502077575129,42,27495.0,0.0,0,0.0,1.0,15,4958.0,0.0365554243278058,55,15248.0,0.029239671151097,46,23611.0,0.0,40,22179.0,1.941057074141505e-05,0,0.0,1.0,0,0.0,1.0,0,0.0,1.0,0,0.0,1.0,1,32.0,0.0,667,332597.0
2640.0,-0.1691999999999996,653,3330.2,133.208,0.3414353592952908,12,868.0,0.0800211819672327,0,0.0,1.0,0,0.0,1.0,0,0.0,0.9625182281053936,26,5797.0,0.0,0,0.0,1.0,32,19669.0,0.0,0,0.0,1.0,56,30047.0,0.0101285930131555,48,37547.0,0.0486991124336434,0,0.0,1.0,73,47428.0,0.0,98,45512.0,0.0047730793208582,116,53041.0,0.0186998023968672,42,27579.0,0.0,0,0.0,1.0,11,4668.0,0.0826166448864589,53,14947.0,0.0204173668854177,46,23685.0,0.0,40,22232.0,0.0103077318974712,0,0.0,1.0,0,0.0,1.0,0,0.0,1.0,0,0.0,1.0,0,0.0,1.0,653,333020.0
2645.0,-0.4952000000000019,649,3342.5799999999995,133.7032,0.3581494798462823,11,845.0,0.0543662521986444,0,0.0,1.0,0,0.0,1.0,0,0.0,0.9288642433242262,26,5869.0,0.0,0,0.0,1.0,32,19762.0,0.0,0,0.0,1.0,56,30095.0,0.015694832240943,48,37576.0,0.0,0,0.0,1.0,73,47679.0,0.0,98,45719.0,0.0194533671409757,115,53259.0,0.0129165526310013,42,27643.0,0.0,0,0.0,1.0,9,4716.0,0.0843402199507255,53,15068.0,0.0255016942519712,46,23744.0,0.0,40,22283.0,0.0240623036830311,0,0.0,1.0,0,0.0,1.0,0,0.0,1.0,0,0.0,1.0,0,0.0,1.0,649,334258.0
2650.0,-0.4979999999999933,652,3355.029999999999,134.2012,0.3201519636438793,11,838.0,0.0635698953025291,0,0.0,1.0,0,0.0,1.0,0,0.0,0.0208817548761164,26,5948.0,0.0,0,0.0,1.0,32,19862.0,0.0,0,0.0,1.0,56,30124.0,0.0156676261233699,48,37614.0,0.0,0,0.0,1.0,73,47945.0,0.0,98,45874.0,0.018113290475225,117,53481.0,0.0041681573077128,42,27703.0,0.0,0,0.0,1.0,8,4758.0,0.0798588110227579,55,15214.0,0.0219509078500599,46,23801.0,0.0,40,22341.0,0.0221340819966114,0,0.0,1.0,0,0.0,1.0,0,0.0,1.0,0,0.0,1.0,0,0.0,1.0,652,335503.0
2655.0,-0.5224000000000063,658,3368.09,134.72359999999998,0.2714954259348998,9,816.0,0.0641567153429562,0,0.0,1.0,0,0.0,1.0,1,5.0,0.0,26,6031.0,0.0,0,0.0,1.0,32,19962.0,0.0,0,0.0,1.0,56,30149.0,0.0162634774131004,48,37664.0,0.0,0,0.0,1.0,73,48212.0,0.0,98,46003.0,0.015296055036782,120,53759.0,0.000215510810332,42,27773.0,0.0,0,0.0,1.0,9,4799.0,0.0606826973362447,58,15371.0,0.0144745582655422,46,23861.0,0.0,40,22404.0,0.0216919371394609,0,0.0,1.0,0,0.0,1.0,0,0.0,1.0,0,0.0,1.0,0,0.0,1.0,658,336809.0
2660.0,-0.5431999999999948,669,3381.67,135.2668,0.1705591031161378,12,807.0,0.0258000482726046,0,0.0,1.0,0,0.0,1.0,1,10.0,0.0,26,6122.0,0.0,0,0.0,1.0,32,20058.0,0.0,0,0.0,1.0,56,30193.0,0.0003253751623704,48,37721.0,0.0,0,0.0,1.0,73,48439.0,0.0,98,46106.0,0.016853955826499,121,54056.0,2.9730268894031197e-06,42,27837.0,0.0,0,0.0,1.0,14,4859.0,0.0122979402060084,60,15551.0,0.0134506544862884,46,23932.0,0.0,40,22476.0,0.0037162208743529,0,0.0,1.0,0,0.0,1.0,0,0.0,1.0,0,0.0,1.0,0,0.0,1.0,669,338167.0
2665.0,-0.2532000000000039,667,3388.0,135.52,0.175000055551441,16,810.0,0.0040132450807697,0,0.0,1.0,0,0.0,1.0,1,15.0,0.0,26,6204.0,0.0,0,0.0,1.0,32,20133.0,0.0,0,0.0,1.0,57,30268.0,0.0229538062831776,48,37752.0,0.0,0,0.0,1.0,73,48609.0,0.0,98,46201.0,0.0179001170909438,116,54107.0,0.0068146231958832,42,27876.0,0.0,0,0.0,1.0,16,4935.0,0.0011601557297715,55,15362.0,0.0242368421285157,46,23982.0,0.0,41,22546.0,5.451130037249428e-07,0,0.0,1.0,0,0.0,1.0,0,0.0,1.0,0,0.0,1.0,0,0.0,1.0,667,338800.0
2670.0,-0.3127999999999981,663,3395.82,135.8328,0.2162083043767154,19,824.0,0.0002230878732512,0,0.0,1.0,0,0.0,1.0,1,20.0,0.0,26,6267.0,0.0,0,0.0,1.0,32,20190.0,0.0,0,0.0,1.0,57,30368.0,0.0434975688141384,48,37772.0,0.0,0,0.0,1.0,73,48709.0,0.0,100,46338.0,0.0275135785716283,112,54205.0,0.0125684959065005,42,27895.0,0.0,0,0.0,1.0,17,5020.0,1.94569824794482e-05,49,15356.0,0.0323187605200187,46,24025.0,0.0,41,22593.0,0.0,0,0.0,1.0,0,0.0,1.0,0,0.0,1.0,0,0.0,1.0,0,0.0,1.0,663,339582.0
2675.0,-0.2728000000000036,653,3402.640000000001,136.1056,0.2929973237814821,19,843.0,8.800116371229978e-06,0,0.0,1.0,0,0.0,1.0,0,0.0,0.8766514878256234,26,6329.0,0.0323418168038067,0,0.0,1.0,32,20247.0,0.0,0,0.0,1.0,53,30392.0,0.0566953511361975,48,37792.0,0.0091991719252923,0,0.0,1.0,73,48773.0,0.0,96,46488.0,0.0333379238050582,115,54338.0,0.0144602767553969,42,27899.0,0.0,0,0.0,1.0,17,5105.0,0.0,48,15440.0,0.0350477854521731,46,24088.0,0.0,38,22530.0,0.0108648698947845,0,0.0,1.0,0,0.0,1.0,0,0.0,1.0,0,0.0,1.0,0,0.0,1.0,653,340264.0
2680.0,-0.3535999999999947,658,3411.4800000000005,136.45919999999998,0.3371432215787038,19,861.0,0.0,0,0.0,1.0,0,0.0,1.0,0,0.0,0.8330602037158922,26,6389.0,0.0362840905105606,0,0.0,1.0,32,20321.0,0.0,0,0.0,1.0,53,30440.0,0.0432409675491218,48,37802.0,0.0183297600496375,0,0.0,1.0,73,48870.0,0.0,96,46678.0,0.0254262921853742,117,54498.0,0.0207589235452894,42,27905.0,0.0,0,0.0,1.0,17,5190.0,0.0,51,15517.0,0.0252012054941169,46,24154.0,0.0,38,22523.0,0.0,0,0.0,1.0,0,0.0,1.0,0,0.0,1.0,0,0.0,1.0,0,0.0,1.0,658,341148.0
2685.0,-0.4700000000000041,662,3423.2300000000005,136.92919999999998,0.3265963734738985,19,898.0,0.0,0,0.0,1.0,0,0.0,1.0,0,0.0,0.8299942476778859,27,6444.0,1.0498409532174242e-05,0,0.0,1.0,32,20410.0,0.0,0,0.0,1.0,53,30536.0,0.0462260201234168,48,37805.0,0.0172831747231523,0,0.0,1.0,73,49060.0,0.0,96,46936.0,0.0188975395822825,118,54673.0,0.0315543058277494,42,27934.0,0.0,0,0.0,1.0,17,5275.0,0.0,53,15598.0,0.0228381435583289,46,24209.0,0.0,38,22545.0,0.0,0,0.0,1.0,0,0.0,1.0,0,0.0,1.0,0,0.0,1.0,0,0.0,1.0,662,342323.0
2690.0,-0.4919999999999993,665,3435.53,137.4212,0.2869998992930648,19,966.0,0.0,0,0.0,1.0,0,0.0,1.0,0,0.0,0.8543806899397633,27,6493.0,0.0,0,0.0,1.0,32,20488.0,0.0,0,0.0,1.0,54,30615.0,0.000764248662598,48,37831.0,0.017747731337709,0,0.0,1.0,73,49306.0,0.0,96,47186.0,0.017325391245925,118,54809.0,0.0352624044642348,42,28014.0,0.0,0,0.0,1.0,17,5360.0,0.0,55,15674.0,0.0171070689457243,46,24238.0,0.0,38,22573.0,0.0,0,0.0,1.0,0,0.0,1.0,0,0.0,1.0,0,0.0,1.0,0,0.0,1.0,665,343553.0
2695.0,-0.0996000000000005,658,3438.0200000000004,137.5208,0.3062532463780589,14,897.0,0.0507449420586705,0,0.0,1.0,0,0.0,1.0,0,0.0,0.8741715963857415,27,6551.0,0.0,0,0.0,1.0,32,20538.0,0.0,0,0.0,1.0,55,30700.0,4.5747631696029e-07,48,37862.0,0.0186025351616254,0,0.0,1.0,73,49550.0,0.0,98,47428.0,2.114858844961493e-05,118,54921.0,0.0210538285914734,42,28102.0,0.0,0,0.0,1.0,12,4634.0,0.0808439851747511,55,15740.0,0.0321158884864007,46,24274.0,0.0,38,22605.0,0.0,0,0.0,1.0,0,0.0,1.0,0,0.0,1.0,0,0.0,1.0,0,0.0,1.0,658,343802.0
2700.0,-0.1119999999999996,648,3440.82,137.6328,0.2747494610588886,9,851.0,0.0777207576949344,0,0.0,1.0,0,0.0,1.0,0,0.0,0.6550183316711299,27,6627.0,0.0,0,0.0,1.0,32,20580.0,0.0,0,0.0,1.0,55,30774.0,1.25080509432485e-07,48,37899.0,0.0,0,0.0,1.0,73,49770.0,0.0,98,47643.0,0.0057927786827395,117,54961.0,0.0177226851617193,42,28158.0,0.0,0,0.0,1.0,8,4291.0,0.102298538800934,55,15552.0,0.0276120650060792,46,24331.0,0.0,38,22645.0,0.0,0,0.0,1.0,0,0.0,1.0,0,0.0,1.0,0,0.0,1.0,0,0.0,1.0,648,344082.0
2705.0,-0.3607999999999995,644,3449.84,137.9936,0.2593894109560646,7,832.0,0.0854452328227551,0,0.0,1.0,0,0.0,1.0,2,4.0,0.2424526510813064,27,6705.0,0.0325897675927711,0,0.0,1.0,32,20639.0,0.0,0,0.0,1.0,55,30822.0,0.0148561469234539,48,37942.0,0.0,0,0.0,1.0,73,49968.0,0.0,98,47809.0,0.0170537979452336,115,55003.0,0.0074179072206181,42,28216.0,0.0217562518337967,0,0.0,1.0,7,4325.0,0.0944779103581836,54,15644.0,0.0250477411961189,46,24390.0,0.0,38,22685.0,0.0,0,0.0,1.0,0,0.0,1.0,0,0.0,1.0,0,0.0,1.0,0,0.0,1.0,644,344984.0
2710.0,-0.3972000000000013,647,3459.7700000000004,138.39079999999998,0.2236648558876307,6,805.0,0.0781668041758032,0,0.0,1.0,0,0.0,1.0,3,18.0,0.0099719832008725,27,6776.0,0.0311893204088324,0,0.0,1.0,32,20714.0,0.0,0,0.0,1.0,55,30852.0,0.0158359963238949,48,37993.0,0.0,0,0.0,1.0,73,50152.0,0.0,98,47967.0,0.0193838859610784,115,55109.0,0.0054403757967392,42,28285.0,0.0219682799710357,0,0.0,1.0,7,4359.0,0.0747144505983097,57,15758.0,0.0149638536783133,46,24457.0,0.0,38,22732.0,0.0,0,0.0,1.0,0,0.0,1.0,0,0.0,1.0,0,0.0,1.0,0,0.0,1.0,647,345977.0
2715.0,-0.4191999999999989,659,3470.25,138.81,0.1917925656326093,9,794.0,0.0576082195555783,0,0.0,1.0,0,0.0,1.0,4,38.0,8.141688806404215e-06,27,6853.0,0.0346677371652486,0,0.0,1.0,32,20793.0,0.0,0,0.0,1.0,55,30883.0,0.0151957638665773,48,38019.0,0.0,0,0.0,1.0,73,50330.0,0.0,98,48129.0,0.018733946908786,117,55238.0,0.0026530114083057,42,28353.0,0.0230508487874377,0,0.0,1.0,11,4406.0,0.01353365670856,59,15891.0,0.0110128965354485,46,24515.0,0.0,38,22783.0,0.0,0,0.0,1.0,0,0.0,1.0,0,0.0,1.0,0,0.0,1.0,0,0.0,1.0,659,347025.0
2720.0,-0.4131999999999973,670,3480.5799999999995,139.2232,0.1283602737075046,13,781.0,0.0070767830219806,0,0.0,1.0,0,0.0,1.0,4,58.0,0.0,27,6934.0,0.0321672533995673,0,0.0,1.0,32,20878.0,0.0,0,0.0,1.0,55,30904.0,0.017158602260253,48,38026.0,0.0,0,0.0,1.0,73,50473.0,0.0,98,48271.0,0.0169332877619393,120,55416.0,0.0001320024559233,42,28403.0,0.0201961458333122,0,0.0,1.0,14,4466.0,0.0006223266901629,60,16034.0,0.0134024140850535,46,24573.0,0.0,38,22841.0,0.0,0,0.0,1.0,0,0.0,1.0,0,0.0,1.0,0,0.0,1.0,0,0.0,1.0,670,348058.0
2725.0,-0.2320000000000021,664,3486.38,139.4552,0.1073461995115104,16,803.0,0.000186552199018,0,0.0,1.0,0,0.0,1.0,4,78.0,0.0,27,7020.0,0.001164157578338,0,0.0,1.0,32,20951.0,0.0,0,0.0,1.0,56,30921.0,0.012460650237234,48,38033.0,0.0,0,0.0,1.0,73,50573.0,0.0,99,48399.0,0.0082791720176869,116,55465.0,0.0055671634300535,42,28435.0,0.021801547214872,0,0.0,1.0,14,4536.0,7.954523339313138e-06,53,15899.0,0.0258135274533111,46,24629.0,0.0,38,22896.0,0.0,0,0.0,1.0,0,0.0,1.0,0,0.0,1.0,0,0.0,1.0,0,0.0,1.0,664,348638.0
2730.0,-0.2531999999999968,655,3492.71,139.7084,0.1796207783093354,16,837.0,8.876011293942287e-06,0,0.0,1.0,0,0.0,1.0,4,98.0,0.0,28,7096.0,0.0,0,0.0,1.0,32,21007.0,0.0,0,0.0,1.0,56,30940.0,0.0464813531377666,48,38053.0,0.0,0,0.0,1.0,73,50641.0,0.0,100,48540.0,0.0266145760421735,111,55543.0,0.0095411239854282,42,28449.0,0.0074815417104453,0,0.0,1.0,14,4606.0,0.0,47,15835.0,0.0343331447952301,46,24699.0,0.0,38,22927.0,0.0,0,0.0,1.0,0,0.0,1.0,0,0.0,1.0,0,0.0,1.0,0,0.0,1.0,655,349271.0
2735.0,-0.2144000000000001,647,3498.07,139.9228,0.2983182318940263,16,870.0,1.138358552243536e-06,0,0.0,1.0,0,0.0,1.0,0,49.0,0.6446967214460446,27,7150.0,0.0410816933601109,0,0.0,1.0,32,21060.0,0.0,0,0.0,1.0,53,30861.0,0.0514649826969138,48,38073.0,0.0,0,0.0,1.0,73,50682.0,0.0,96,48684.0,0.0314644678495963,114,55668.0,0.0149300737132896,43,28452.0,4.768344320580077e-06,0,0.0,1.0,14,4676.0,0.0,47,15871.0,0.0310449664968762,46,24773.0,0.0,38,22938.0,0.0,0,0.0,1.0,0,0.0,1.0,0,0.0,1.0,0,0.0,1.0,0,0.0,1.0,647,349807.0
2740.0,-0.2784000000000046,652,3505.03,140.2012,0.360332538019643,16,894.0,7.966545084914459e-07,0,0.0,1.0,0,0.0,1.0,0,1.0,0.8962735636404604,27,7182.0,0.0622374883566194,0,0.0,1.0,32,21129.0,0.0,0,0.0,1.0,53,30855.0,0.0453592575907683,48,38092.0,0.0194305645766817,0,0.0,1.0,73,50770.0,0.0,96,48867.0,0.0288125420473903,117,55823.0,0.0249582336106631,43,28466.0,0.0,0,0.0,1.0,14,4746.0,0.0,49,15913.0,0.0295614957347873,46,24820.0,0.0,38,22945.0,0.0,0,0.0,1.0,0,0.0,1.0,0,0.0,1.0,0,0.0,1.0,0,0.0,1.0,652,350503.0
2745.0,-0.3851999999999993,658,3514.6599999999994,140.5864,0.3225445717941222,16,920.0,0.0,0,0.0,1.0,0,0.0,1.0,0,1.0,0.9662259576392456,28,7222.0,0.0012951802229837,0,0.0,1.0,32,21191.0,0.0,0,0.0,1.0,53,30877.0,0.0460839499805467,48,38104.0,0.0178764252073667,0,0.0,1.0,73,50977.0,0.0,96,49081.0,0.0269793110920828,118,55986.0,0.0281399360289351,43,28522.0,0.0,0,0.0,1.0,14,4816.0,0.0,53,15956.0,0.0194859332249528,46,24848.0,0.0,38,22965.0,0.0,0,0.0,1.0,0,0.0,1.0,0,0.0,1.0,0,0.0,1.0,0,0.0,1.0,658,351466.0
2750.0,-0.4235999999999983,659,3525.2500000000005,141.01,0.2638130471527987,16,951.0,0.0,0,0.0,1.0,0,0.0,1.0,0,1.0,0.7914953896994871,29,7285.0,0.0,0,0.0,1.0,32,21241.0,0.0,0,0.0,1.0,53,30891.0,0.0296363605859805,48,38125.0,0.0203440119686281,0,0.0,1.0,73,51214.0,0.0,96,49316.0,0.0070065077906506,118,56131.0,0.0327054778093285,43,28601.0,0.0,0,0.0,1.0,14,4886.0,0.0,53,16027.0,0.0176241722831355,46,24861.0,0.0,38,22995.0,0.0,0,0.0,1.0,0,0.0,1.0,0,0.0,1.0,0,0.0,1.0,0,0.0,1.0,659,352525.0
2755.0,0.0027999999999981,655,3525.18,141.00719999999998,0.2620510823677507,11,730.0,0.0314581327274053,0,0.0,1.0,0,0.0,1.0,1,3.0,0.0701653242296835,29,7357.0,0.0,0,0.0,1.0,32,21283.0,0.0,0,0.0,1.0,55,30897.0,0.0003384110970919,48,38145.0,0.0175228494221643,0,0.0,1.0,73,51459.0,0.0,98,49492.0,1.4784473322203254e-06,118,56280.0,0.0244944287354397,43,28695.0,0.0,0,0.0,1.0,9,4144.0,0.0946018133330633,54,16112.0,0.0358969106390467,46,24894.0,0.0,38,23027.0,0.0,0,0.0,1.0,0,0.0,1.0,0,0.0,1.0,0,0.0,1.0,0,0.0,1.0,655,352518.0
2760.0,-0.0896000000000024,646,3527.42,141.0968,0.2507098848878735,7,726.0,0.0999733043347535,0,0.0,1.0,0,0.0,1.0,2,12.0,5.463331722306045e-06,29,7422.0,0.0,0,0.0,1.0,32,21324.0,0.0,0,0.0,1.0,56,30911.0,1.7771905171961503e-06,48,38160.0,0.0,0,0.0,1.0,73,51711.0,0.0,98,49599.0,0.0,117,56312.0,0.0125008003220813,42,28766.0,0.0,0,0.0,1.0,4,3785.0,0.1322445583478766,54,16010.0,0.0411183333759451,46,24937.0,0.0,38,23067.0,0.0,0,0.0,1.0,0,0.0,1.0,0,0.0,1.0,0,0.0,1.0,0,0.0,1.0,646,352742.0
2765.0,-0.2207999999999962,639,3532.9400000000005,141.3176,0.267905447311194,4,699.0,0.1196620292569995,0,0.0,1.0,0,0.0,1.0,2,22.0,0.0,29,7497.0,0.0,0,0.0,1.0,32,21382.0,0.0,0,0.0,1.0,56,30928.0,0.0153302541877868,48,38164.0,0.0200256349138692,0,0.0,1.0,73,51962.0,0.0,98,49674.0,0.0100395424300046,115,56307.0,0.011541690360483,42,28853.0,0.02089733018155,0,0.0,1.0,3,3803.0,0.1023054617946259,53,15905.0,0.0240306901981688,46,24978.0,0.0,38,23120.0,0.0,0,0.0,1.0,0,0.0,1.0,0,0.0,0.8263109992623514,0,0.0,1.0,0,0.0,1.0,639,353294.0
2770.0,-0.3087999999999969,645,3540.66,141.6264,0.2224563209088648,7,672.0,0.0979174323919894,0,0.0,1.0,0,0.0,1.0,2,32.0,0.0,29,7579.0,0.0,0,0.0,1.0,32,21453.0,0.0,0,0.0,1.0,56,30943.0,0.0157576005469604,48,38164.0,0.0190032711945633,0,0.0,1.0,73,52168.0,0.0,98,49718.0,0.0090143439287298,114,56366.0,0.0057133965966467,42,28934.0,0.0203402153296655,0,0.0,1.0,6,3829.0,0.0534666924071709,54,16009.0,0.0137262488400298,46,25022.0,0.0,38,23177.0,0.0,0,0.0,1.0,0,0.0,1.0,0,0.0,0.8557496822649763,0,0.0,1.0,0,0.0,1.0,645,354066.0
2775.0,-0.3160000000000022,659,3548.56,141.9424,0.1766314196157934,10,661.0,0.0107982750367245,0,0.0,1.0,0,0.0,1.0,2,40.0,0.0,29,7653.0,0.0,0,0.0,1.0,32,21521.0,0.0,0,0.0,1.0,56,30958.0,0.0160772552089082,48,38178.0,0.0190483588086195,0,0.0,1.0,73,52333.0,0.0,98,49754.0,0.0100468399222139,118,56440.0,0.0023734317451335,42,29014.0,0.0219926160209923,0,0.0,1.0,10,3871.0,0.0023080415781241,57,16119.0,0.0115099084874425,46,25076.0,0.0,38,23239.0,0.0,0,0.0,1.0,0,0.0,1.0,0,-1.0,0.831344486333364,0,0.0,1.0,0,0.0,1.0,659,354856.0
2780.0,-0.3396000000000035,667,3557.05,142.282,0.1142034472232124,13,674.0,0.000260511619635,0,0.0,1.0,0,0.0,1.0,2,45.0,0.0,29,7729.0,0.0,0,0.0,1.0,32,21588.0,0.0,0,0.0,1.0,56,30973.0,0.0144745943028145,48,38198.0,0.0179044926099794,0,0.0,1.0,73,52459.0,0.0,98,49806.0,0.0090581849891826,121,56526.0,6.263496191615401e-05,42,29082.0,0.0208085709563653,0,0.0,1.0,11,3926.0,6.642236585556394e-05,58,16264.0,0.0127611382089734,46,25131.0,0.0,38,23305.0,0.0,0,0.0,1.0,0,0.0,1.0,0,-1.0,0.854962681432862,0,0.0,1.0,0,0.0,1.0,667,355705.0
2785.0,-0.2083999999999957,655,3562.26,142.49040000000002,0.1764161061885413,13,698.0,5.606574914582864e-06,0,0.0,1.0,0,0.0,1.0,2,50.0,0.0,29,7788.0,0.0,0,0.0,1.0,32,21656.0,0.0,0,0.0,1.0,56,30979.0,0.0386423584784419,48,38218.0,0.0202220029649397,0,0.0,1.0,73,52555.0,0.0,99,49878.0,0.0149862672402949,116,56622.0,0.0075317015212395,42,29127.0,0.0194205080421798,0,0.0,1.0,11,3981.0,0.0,50,16127.0,0.0287541619260202,46,25189.0,0.0,38,23364.0,0.0,0,0.0,1.0,0,0.0,1.0,0,-6.0,0.8725341447405379,0,0.0,1.0,0,0.0,1.0,655,356226.0
2790.0,-0.1932000000000005,648,3567.09,142.68359999999998,0.1641101140327008,13,726.0,6.436634719036015e-07,0,0.0,1.0,0,0.0,1.0,2,52.0,0.0,29,7830.0,0.0,0,0.0,1.0,32,21706.0,0.0,0,0.0,1.0,57,30985.0,0.0277742369381905,48,38238.0,0.0135931936363147,0,0.0,1.0,73,52631.0,0.0,99,49947.0,0.0265319268781904,112,56668.0,0.0067289842333186,42,29160.0,0.0,0,0.0,1.0,11,4036.0,0.0,46,16093.0,0.0363204696059372,46,25238.0,0.0,38,23410.0,0.0,0,0.0,1.0,0,0.0,1.0,0,-11.0,0.103022015873769,0,0.0,1.0,0,0.0,1.0,648,356709.0
2795.0,-0.1176000000000008,646,3570.03,142.8012,0.2825071186671065,13,754.0,0.0,0,0.0,1.0,0,0.0,1.0,0,1.0,0.7919687861309446,29,7864.0,0.040510847018158,0,0.0,1.0,32,21756.0,0.0,0,0.0,1.0,53,30903.0,0.0488661772022745,48,38256.0,0.0196029680622126,0,0.0,1.0,73,52686.0,0.0,96,49986.0,0.0323514447825931,116,56705.0,0.0120588077939444,42,29172.0,0.0,0,0.0,1.0,11,4091.0,0.0,48,16123.0,0.0287770441922852,46,25278.0,0.0,38,23437.0,0.0,0,0.0,1.0,0,0.0,1.0,1,-9.0,0.0,0,0.0,1.0,0,0.0,1.0,646,357003.0
2800.0,-0.1683999999999992,651,3574.24,142.9696,0.2805042258218805,13,779.0,0.0,0,0.0,1.0,0,0.0,1.0,0,1.0,0.8982388339880852,30,7902.0,0.0080897266930862,0,0.0,1.0,32,21810.0,0.0,0,0.0,1.0,53,30852.0,0.0341213879486241,48,38274.0,0.0177612524088902,0,0.0,1.0,73,52764.0,0.0,96,50070.0,0.0271867598981715,119,56742.0,0.0221417894572658,42,29185.0,0.0,0,0.0,1.0,11,4146.0,0.0,49,16147.0,0.0210777902336568,46,25302.0,0.0,38,23455.0,0.0,0,0.0,1.0,0,0.0,1.0,1,-5.0,0.0,0,0.0,1.0,0,0.0,1.0,651,357424.0
2805.0,-0.2496000000000008,654,3580.48,143.21919999999997,0.2692964823803623,13,813.0,0.0,0,0.0,1.0,0,0.0,1.0,0,1.0,0.8972952835731918,31,7955.0,2.1644444975370625e-05,0,0.0,1.0,32,21860.0,0.0,0,0.0,1.0,53,30851.0,0.0336985777691638,48,38294.0,0.0189437847259724,0,0.0,1.0,73,52881.0,0.0,96,50188.0,0.0227585664229339,119,56771.0,0.0232419516947705,42,29229.0,0.0,0,0.0,1.0,11,4201.0,0.0,51,16199.0,0.0214718041687611,46,25321.0,0.0,38,23489.0,0.0,0,0.0,1.0,0,0.0,1.0,1,-5.0,0.0,0,0.0,1.0,0,0.0,1.0,654,358048.0
2810.0,-0.2664000000000013,655,3587.1399999999994,143.4856,0.2171954172891364,13,854.0,0.0,0,0.0,1.0,0,0.0,1.0,0,-7.0,0.8868849470263822,31,8008.0,0.0,0,0.0,1.0,32,21904.0,0.0,0,0.0,1.0,53,30866.0,0.0007758197125671,48,38314.0,0.0203154292554167,0,0.0,1.0,73,52980.0,0.0,96,50331.0,0.0099227385180106,119,56808.0,0.022266623704146,42,29249.0,0.0,0,0.0,1.0,11,4256.0,0.0,52,16264.0,0.0189602093647898,46,25337.0,0.0,38,23555.0,0.0,0,0.0,1.0,0,0.0,1.0,1,-5.0,0.0,0,0.0,1.0,0,0.0,1.0,655,358714.0
2815.0,0.1624000000000044,650,3583.0799999999995,143.3232,0.2575898688259475,8,709.0,0.0796830530216236,0,0.0,1.0,0,0.0,1.0,0,-20.0,0.8753815903404751,31,8066.0,0.0,0,0.0,1.0,32,21952.0,0.0,0,0.0,1.0,54,30865.0,1.7763974434655134e-06,49,38336.0,4.552628039159689e-05,0,0.0,1.0,73,53081.0,0.0,97,50454.0,0.001795489363042,121,56853.0,0.0118764804303961,42,29259.0,0.0,0,0.0,1.0,6,3423.0,0.0918241675206287,53,16347.0,0.0275952456573793,46,25372.0,0.0,38,23616.0,0.0,0,0.0,1.0,0,0.0,1.0,0,0.0,1.0,0,-5.0,0.8795532960050082,0,0.0,1.0,650,358308.0
2820.0,0.0396000000000011,642,3582.0900000000006,143.2836,0.3077756588595131,3,628.0,0.1533353092746587,0,0.0,1.0,0,0.0,1.0,1,-33.0,0.5161389002079415,31,8113.0,0.0,0,0.0,1.0,32,21998.0,0.0,0,0.0,1.0,54,30865.0,0.0,49,38361.0,0.0,0,0.0,1.0,73,53185.0,0.0,98,50534.0,1.3765611945278022e-06,119,56818.0,0.0106875448505611,42,29271.0,0.020872114564054,0,0.0,1.0,2,3007.0,0.1649664736499043,54,16376.0,0.0502526892816442,46,25426.0,0.0,38,23670.0,0.0,0,0.0,1.0,0,0.0,1.0,0,0.0,1.0,0,-10.0,0.8173266638285325,0,0.0,1.0,642,358209.0
2825.0,-0.1736000000000007,642,3586.43,143.4572,0.2325948819018371,3,591.0,0.115216186503925,0,0.0,1.0,0,0.0,1.0,3,-31.0,0.2110104973567768,31,8161.0,0.0,0,0.0,1.0,32,22066.0,0.0,0,0.0,1.0,54,30868.0,0.0,49,38384.0,0.0,0,0.0,1.0,73,53280.0,0.0,98,50562.0,0.0095087430155273,115,56766.0,0.0077445527796225,42,29280.0,0.0412584965829214,0,0.0,1.0,3,3016.0,0.1078040159094202,55,16510.0,0.0214742712509576,46,25482.0,0.0,38,23723.0,0.0,0,0.0,1.0,0,0.0,1.0,0,0.0,1.0,0,-15.0,0.9390333254017302,0,0.0,1.0,642,358643.0
2830.0,-0.2172000000000027,650,3591.86,143.6744,0.1516742097435713,6,568.0,0.0290781420546734,0,0.0,1.0,0,0.0,1.0,4,-13.0,0.0080416522116322,31,8223.0,0.0,0,0.0,1.0,32,22156.0,0.0,0,0.0,1.0,54,30873.0,0.0,49,38394.0,0.0,0,0.0,1.0,73,53338.0,0.0,98,50565.0,0.0088365136879107,114,56817.0,0.0062287636092188,42,29280.0,0.0382875590177982,0,0.0,1.0,6,3039.0,0.00789937666077,57,16650.0,0.0075352573114073,46,25537.0,0.0,38,23779.0,0.0,0,0.0,1.0,0,0.0,1.0,0,0.0,1.0,0,-20.0,0.995858648742777,0,0.0,1.0,650,359186.0
2835.0,-0.2388000000000031,661,3597.8300000000004,143.9132,0.132663778008976,9,567.0,0.0014695626552062,0,0.0,1.0,0,0.0,1.0,5,3.0,5.449619410233916e-06,31,8312.0,0.0,0,0.0,1.0,32,22242.0,0.0,0,0.0,1.0,54,30878.0,0.0,49,38399.0,0.0,0,0.0,1.0,73,53357.0,0.0,98,50573.0,0.0083988505970787,118,56890.0,0.0007990623865482,42,29272.0,0.0382474624587007,0,0.0,1.0,8,3077.0,2.972513975841945e-05,58,16800.0,0.0070294548162475,46,25598.0,0.0,38,23840.0,0.0,0,0.0,1.0,0,0.0,1.0,0,0.0,1.0,0,-25.0,0.8549427563143016,0,0.0,1.0,661,359783.0
2840.0,-0.2367999999999999,662,3603.750000000001,144.15,0.0771217578928957,10,582.0,2.215185177385921e-05,0,0.0,1.0,0,0.0,1.0,5,18.0,2.467279076583338e-06,31,8398.0,0.0,0,0.0,1.0,32,22314.0,0.0,0,0.0,1.0,54,30883.0,0.0,49,38404.0,0.0,0,0.0,1.0,73,53362.0,0.0,98,50592.0,0.0097193695730695,120,56975.0,8.786423455180093e-05,42,29262.0,0.0376534382134256,0,0.0,1.0,8,3117.0,1.1454230619975964e-06,56,16930.0,0.0062113821166667,46,25663.0,0.0,38,23905.0,0.0,0,0.0,1.0,0,0.0,1.0,0,0.0,1.0,0,-30.0,0.1341031163637813,0,0.0,1.0,662,360375.0
2845.0,-0.082799999999994,655,3605.82,144.2328,0.1292731934431068,10,590.0,0.0,0,0.0,1.0,0,0.0,1.0,5,33.0,0.0,31,8459.0,0.0,0,0.0,1.0,32,22378.0,0.0,0,0.0,1.0,54,30888.0,0.0154878408856082,49,38409.0,0.0,0,0.0,1.0,73,53367.0,0.0,98,50615.0,0.0103792787175333,116,56990.0,0.0062913043034151,42,29252.0,0.0333025753809169,0,0.0,1.0,8,3157.0,0.0,52,16792.0,0.0189371984135203,46,25723.0,0.0,38,23961.0,0.0,0,0.0,1.0,0,0.0,1.0,0,0.0,1.0,1,-32.0,0.000101386111668,0,0.0,1.0,655,360582.0
2850.0,-0.1100000000000063,648,3608.5699999999993,144.3428,0.1721189673653343,10,590.0,0.0,0,0.0,1.0,0,0.0,1.0,5,48.0,0.0,31,8512.0,0.0,0,0.0,1.0,32,22425.0,0.0,0,0.0,1.0,54,30879.0,0.0490161412990734,49,38426.0,0.0,0,0.0,1.0,73,53369.0,0.0,99,50653.0,0.0271955893332396,111,57051.0,0.0106558220770948,44,29245.0,3.339122815443308e-05,0,0.0,1.0,8,3197.0,0.0,47,16730.0,0.0251306416036204,46,25766.0,0.0,38,23998.0,0.0,0,0.0,1.0,0,0.0,1.0,0,0.0,1.0,1,-32.0,0.0,0,0.0,1.0,648,360857.0
2855.0,-0.0920000000000011,645,3610.87,144.43480000000002,0.2461078736645207,10,590.0,0.0,0,0.0,1.0,0,0.0,1.0,0,27.0,0.3507669337504536,31,8559.0,0.0532214825799863,0,0.0,1.0,32,22468.0,0.0,0,0.0,1.0,53,30864.0,0.0482549434151017,48,38393.0,0.0,0,0.0,1.0,73,53369.0,0.0,96,50720.0,0.0287174992014616,115,57071.0,0.0134790677368626,44,29245.0,0.0,0,0.0,1.0,8,3237.0,0.0,50,16752.0,0.0257624936313756,46,25805.0,0.0,38,24014.0,0.0,0,0.0,1.0,0,0.0,1.0,0,0.0,1.0,1,-27.0,0.0,0,0.0,1.0,645,361087.0
2860.0,-0.1251999999999974,650,3614.000000000001,144.56,0.2499709367671187,10,601.0,0.0,0,0.0,1.0,0,0.0,1.0,0,-11.0,0.6715103035484774,31,8591.0,0.0510460632825197,0,0.0,1.0,32,22501.0,0.0,0,0.0,1.0,53,30853.0,0.0485798389316112,48,38399.0,0.0,0,0.0,1.0,73,53385.0,0.0,96,50817.0,0.0256394019642513,118,57088.0,0.0209927923087475,44,29254.0,1.8016574002250978e-07,0,0.0,1.0,8,3277.0,0.0,52,16806.0,0.0213403377479581,46,25840.0,0.0,38,24021.0,0.0,0,0.0,1.0,0,0.0,1.0,0,0.0,1.0,1,-22.0,0.0,0,0.0,1.0,650,361400.0
2865.0,-0.1972000000000018,651,3618.93,144.7572,0.2269905368667632,10,631.0,0.0,0,0.0,1.0,0,0.0,1.0,0,-19.0,0.8975854681978168,33,8663.0,0.0476820810178403,0,0.0,1.0,32,22551.0,0.0,0,0.0,1.0,53,30856.0,0.0332000706856918,48,38428.0,0.0,0,0.0,1.0,73,53400.0,0.0,96,50937.0,0.0167565753628867,118,57108.0,0.0220775788895021,44,29267.0,0.0,0,0.0,1.0,8,3317.0,0.0,51,16849.0,0.0193198379107961,46,25879.0,0.0,38,24043.0,0.0,0,0.0,1.0,0,0.0,1.0,0,0.0,1.0,1,-17.0,0.0,0,0.0,1.0,651,361893.0
2870.0,-0.1787999999999911,652,3623.4,144.936,0.2226703802151746,10,665.0,0.0,0,0.0,1.0,0,0.0,1.0,0,-29.0,0.8963331516633242,35,8746.0,0.026726417694308,0,0.0,1.0,32,22601.0,0.0,0,0.0,1.0,53,30852.0,0.0306889175109971,48,38453.0,0.0,0,0.0,1.0,73,53406.0,0.0,96,51040.0,0.0183132943291224,118,57129.0,0.0294585846993146,44,29277.0,0.0,0,0.0,1.0,8,3357.0,0.0,50,16879.0,0.0212802899712571,46,25922.0,0.0,38,24058.0,0.0,0,0.0,1.0,0,0.0,1.0,0,0.0,1.0,1,-16.0,0.0,0,0.0,1.0,652,362340.0
2875.0,0.2683999999999913,648,3616.690000000001,144.66760000000002,0.2004556860438904,5,540.0,0.1101730071119905,0,0.0,1.0,0,0.0,1.0,0,-39.0,0.5001310359778856,36,8812.0,0.0265197265287945,0,0.0,1.0,32,22643.0,0.0,0,0.0,1.0,54,30850.0,0.0003557504697549,48,38457.0,0.0,0,0.0,1.0,73,53411.0,0.0,96,51136.0,0.0007866084341686,119,57170.0,0.0225108350519412,44,29287.0,0.0,0,0.0,1.0,3,2459.0,0.1266980292563235,53,16926.0,0.0272461465168708,46,25965.0,0.0,38,24068.0,0.0,0,0.0,1.0,0,0.0,1.0,0,0.0,1.0,1,-16.0,0.0,0,0.0,1.0,648,361669.0
2880.0,0.1528000000000026,643,3612.87,144.5148,0.2912275456189487,0,442.0,0.1744005248239116,0,0.0,1.0,0,0.0,1.0,1,-44.0,0.4867986669823466,37,8848.0,0.0001103677510905,0,0.0,1.0,32,22683.0,0.0,0,0.0,1.0,55,30852.0,0.0075559060545299,48,38457.0,0.0,0,0.0,1.0,73,53416.0,0.0,98,51226.0,0.0046910911407913,117,57236.0,0.0091046835930637,42,29341.0,0.0,0,0.0,1.0,1,2027.0,0.2338479860253953,55,16711.0,0.0453518449204298,46,26013.0,0.0,38,24082.0,0.0,0,0.0,1.0,0,0.0,1.0,0,0.0,1.0,0,0.0,1.0,0,-3.0,0.9136239015967508,643,361287.0
2885.0,-0.1603999999999979,645,3616.880000000001,144.67520000000002,0.2539465427374024,3,421.0,0.0589016263030268,0,0.0,1.0,0,0.0,1.0,1,-49.0,0.0085202954040899,37,8913.0,0.0,0,0.0,1.0,32,22721.0,0.0,0,0.0,1.0,55,30854.0,0.0325801229056565,48,38469.0,0.0,0,0.0,1.0,73,53426.0,0.0,98,51304.0,0.0175875685291112,114,57280.0,0.0074746101557912,42,29351.0,0.0,0,0.0,1.0,4,2039.0,0.0081849792330426,54,16812.0,0.0330102742978534,46,26061.0,0.0,38,24094.0,0.0,0,0.0,1.0,0,0.0,1.0,0,0.0,1.0,0,0.0,1.0,0,-8.0,0.9772023765930704,645,361688.0
2890.0,-0.188399999999999,651,3621.59,144.8636,0.209023350725244,5,411.0,0.0068583161293832,0,0.0,1.0,0,0.0,1.0,2,-49.0,4.841678439664965e-06,37,9000.0,0.0,0,0.0,1.0,32,22749.0,0.0,0,0.0,1.0,55,30863.0,0.0315740669323748,48,38484.0,0.0,0,0.0,1.0,73,53431.0,0.0,98,51393.0,0.0172712875491139,114,57325.0,0.0064859078182184,42,29361.0,0.0,0,0.0,1.0,5,2063.0,3.471574860613605e-05,56,16927.0,0.0130380921368313,46,26112.0,0.0,38,24102.0,0.0,0,0.0,1.0,0,0.0,1.0,0,0.0,1.0,0,0.0,1.0,0,-13.0,0.870027492230047,651,362159.0
2895.0,-0.2084000000000049,654,3626.8,145.07200000000003,0.1950173984305956,7,410.0,7.589894500693638e-05,0,0.0,1.0,0,0.0,1.0,2,-49.0,0.0,37,9090.0,2.1002552095718734e-07,0,0.0,1.0,32,22760.0,0.0,0,0.0,1.0,55,30863.0,0.0326983743223548,48,38499.0,0.0,0,0.0,1.0,73,53436.0,0.0,98,51509.0,0.017521767973591,117,57404.0,0.0012138650007779,42,29367.0,0.0,0,0.0,1.0,5,2088.0,1.5118622070188491e-06,54,17043.0,0.0129752873271722,46,26168.0,0.0,38,24110.0,0.0,0,0.0,1.0,0,0.0,1.0,0,0.0,1.0,0,0.0,1.0,0,-18.0,0.8092774702663117,654,362680.0
2900.0,-0.2140000000000013,655,3632.15,145.28599999999997,0.1610103825991252,7,413.0,0.0,0,0.0,1.0,0,0.0,1.0,2,-49.0,0.0,37,9166.0,0.0,0,0.0,1.0,32,22761.0,0.0,0,0.0,1.0,55,30863.0,0.0299949475124968,48,38514.0,0.0,0,0.0,1.0,73,53441.0,0.0,98,51658.0,0.0137397643112689,120,57482.0,3.917896723480689e-05,42,29372.0,0.0,0,0.0,1.0,5,2113.0,0.0,52,17158.0,0.0121640919903378,46,26227.0,0.0,38,24119.0,0.0,0,0.0,1.0,0,0.0,1.0,0,0.0,1.0,0,0.0,1.0,0,-23.0,0.8839843624290363,655,363215.0
2905.0,-0.1351999999999987,649,3635.53,145.4212,0.1428686448911002,7,426.0,0.0,0,0.0,1.0,0,0.0,1.0,2,-49.0,0.0,37,9254.0,0.0,0,0.0,1.0,32,22761.0,0.0,0,0.0,1.0,56,30859.0,0.011273955518315,48,38529.0,0.0,0,0.0,1.0,73,53452.0,0.0,100,51835.0,0.0068477413364943,115,57557.0,0.0061879586726527,42,29377.0,0.0,0,0.0,1.0,5,2138.0,0.0,48,17038.0,0.0314159097866299,46,26277.0,0.0,38,24127.0,0.0,0,0.0,1.0,0,0.0,1.0,0,0.0,1.0,0,0.0,1.0,0,-28.0,0.7934752676829899,649,363553.0
2910.0,-0.1564000000000019,642,3639.440000000001,145.5776,0.179021846036811,7,441.0,1.114995152708787e-06,0,0.0,1.0,0,0.0,1.0,2,-49.0,0.0,37,9342.0,0.0,0,0.0,1.0,32,22761.0,0.0,0,0.0,1.0,57,30843.0,0.0426580358793711,48,38544.0,0.0,0,0.0,1.0,73,53478.0,0.0,100,52021.0,0.0218844369389326,111,57595.0,0.0114425984724487,42,29382.0,0.0,0,0.0,1.0,5,2163.0,0.0,44,16977.0,0.0298627247952523,46,26311.0,0.0,38,24135.0,0.0218057938557833,0,0.0,1.0,0,0.0,1.0,0,0.0,1.0,0,0.0,1.0,0,0.0,1.0,642,363944.0
2915.0,-0.1651999999999965,635,3643.57,145.7428,0.2964869699348242,7,449.0,0.0,0,0.0,1.0,0,0.0,1.0,0,-9.0,0.8580784127344878,36,9374.0,0.001782777311412,0,0.0,1.0,32,22761.0,0.0,0,0.0,1.0,53,30828.0,0.0557911900329165,48,38551.0,0.0,0,0.0,1.0,73,53528.0,0.0,96,52184.0,0.0302470713660676,114,57627.0,0.0139139176146278,42,29387.0,0.0,0,0.0,1.0,5,2187.0,0.0,45,17015.0,0.025782720325214,46,26335.0,0.0,38,24140.0,0.0211004343296592,0,0.0,1.0,0,0.0,1.0,0,0.0,1.0,0,0.0,1.0,0,0.0,1.0,635,364357.0
2920.0,-0.1915999999999989,643,3648.36,145.93439999999998,0.3066028862059557,7,455.0,0.0,0,0.0,1.0,0,0.0,1.0,0,-29.0,0.7759751429752736,37,9416.0,4.650610545106934e-07,0,0.0,1.0,32,22764.0,0.0,0,0.0,1.0,53,30839.0,0.0468360790884689,48,38551.0,0.0,0,0.0,1.0,73,53598.0,0.0,96,52410.0,0.0224166133833525,117,57655.0,0.0234901636285716,42,29402.0,0.0,0,0.0,1.0,5,2210.0,0.0,49,17059.0,0.0239714500672824,46,26366.0,0.0,38,24140.0,0.0244972042408949,0,0.0,1.0,0,0.0,1.0,0,0.0,1.0,0,0.0,1.0,0,0.0,1.0,643,364836.0
2925.0,-0.2136000000000024,643,3653.7,146.148,0.3146613179062957,7,467.0,0.0,0,0.0,1.0,0,0.0,1.0,0,-44.0,0.7721749642542487,37,9468.0,0.0,0,0.0,1.0,32,22769.0,0.0,0,0.0,1.0,53,30839.0,0.0471071724914671,48,38551.0,0.0,0,0.0,1.0,73,53690.0,0.0,96,52607.0,0.0228825846287293,117,57699.0,0.0255231128201323,42,29435.0,0.0,0,0.0,1.0,5,2235.0,0.0,49,17098.0,0.0243831160427698,46,26420.0,0.0,38,24136.0,0.023343719034806,0,0.0,1.0,0,0.0,1.0,0,0.0,1.0,0,0.0,1.0,0,0.0,1.0,643,365370.0
2930.0,-0.2160000000000017,645,3659.1,146.364,0.2757559246556127,7,472.0,0.0,0,0.0,1.0,0,0.0,1.0,0,-59.0,0.8898783088272548,37,9504.0,0.0,0,0.0,1.0,32,22774.0,0.0,0,0.0,1.0,53,30830.0,0.0100219946955089,48,38551.0,0.0,0,0.0,1.0,73,53809.0,0.0,96,52760.0,0.0195806178253769,117,57789.0,0.0254970350411056,42,29474.0,0.0,0,0.0,1.0,5,2260.0,0.0,51,17140.0,0.0234772750326796,46,26475.0,0.0,38,24131.0,0.0232244472489342,0,0.0,1.0,0,0.0,1.0,0,0.0,1.0,0,0.0,1.0,0,0.0,1.0,645,365910.0
2935.0,0.2416000000000044,642,3653.06,146.12240000000003,0.2624252834092224,2,289.0,0.1870715678608247,0,0.0,1.0,0,0.0,1.0,0,-74.0,0.7372727803270676,37,9535.0,0.0,0,0.0,1.0,32,22779.0,0.0,0,0.0,1.0,56,30829.0,3.4470552500004685e-06,48,38551.0,0.0,0,0.0,1.0,73,53943.0,0.0,97,52883.0,0.0004481981404388,117,57924.0,0.0229998981573967,42,29520.0,0.0,0,0.0,1.0,0,1306.0,0.297153812648349,54,17189.0,0.023614281629321,46,26506.0,0.0,38,24126.0,0.0056724181224775,0,0.0,1.0,0,0.0,1.0,0,0.0,1.0,0,0.0,1.0,0,0.0,1.0,642,365306.0
2940.0,0.0923999999999966,648,3650.75,146.03,0.2190942407408148,1,189.0,0.2137305000956567,0,0.0,1.0,0,0.0,1.0,1,-91.0,0.4134925877478307,37,9568.0,0.0,0,0.0,1.0,32,22782.0,0.0,0,0.0,1.0,56,30833.0,0.0,48,38551.0,0.0,0,0.0,1.0,73,54073.0,0.0,99,53011.0,0.0049749577189542,117,58109.0,0.0021341442810914,42,29568.0,0.0230688539525084,0,0.0,1.0,1,867.0,0.0484773363497044,56,16971.0,0.0481174415735796,46,26519.0,0.0,39,24125.0,2.6357566461263625e-07,0,0.0,1.0,0,0.0,1.0,0,0.0,1.0,0,0.0,1.0,0,0.0,1.0,648,365075.0
2945.0,-0.1803999999999969,648,3655.26,146.21040000000002,0.188366459150247,4,187.0,0.0015042075393251,0,0.0,1.0,0,0.0,1.0,3,-99.0,0.0021689365714465,37,9601.0,0.0,0,0.0,1.0,32,22782.0,0.0,0,0.0,1.0,56,30838.0,0.0159407871381971,48,38551.0,0.0,0,0.0,1.0,73,54199.0,0.0,99,53113.0,0.0095252955722928,114,58266.0,0.0063468954108799,42,29621.0,0.0191754287498122,0,0.0,1.0,2,876.0,1.1120361964355045e-05,53,16937.0,0.0368911408162419,46,26529.0,0.0,39,24130.0,0.0,0,0.0,1.0,0,0.0,1.0,0,-5.0,0.7831894684066789,0,0.0,1.0,0,0.0,1.0,648,365526.0
2950.0,-0.2192000000000029,647,3660.74,146.4296,0.1704725563477112,4,187.0,4.760345789867983e-06,0,0.0,1.0,0,0.0,1.0,4,-100.0,0.0,37,9636.0,0.0,0,0.0,1.0,32,22782.0,0.0,0,0.0,1.0,56,30848.0,0.0159194317427418,48,38551.0,0.0,0,0.0,1.0,73,54309.0,0.0,99,53188.0,0.0085916631385369,114,58435.0,0.0051396538541398,42,29673.0,0.0197912095953566,0,0.0,1.0,2,884.0,4.061955337728691e-06,51,17016.0,0.0207444742901699,46,26539.0,0.0,39,24135.0,0.0,0,0.0,1.0,0,0.0,1.0,0,-9.0,0.7577025940068691,0,0.0,1.0,0,0.0,1.0,647,366074.0
2955.0,-0.2339999999999948,650,3666.59,146.66359999999997,0.1570242618763415,4,187.0,0.0,0,0.0,1.0,0,0.0,1.0,4,-100.0,0.0,37,9686.0,0.0,0,0.0,1.0,32,22782.0,0.0,0,0.0,1.0,56,30859.0,0.0151353376021937,48,38563.0,0.0,0,0.0,1.0,73,54405.0,0.0,99,53266.0,0.0090328756751409,117,58633.0,0.0004309212767137,42,29721.0,0.0227590336022113,0,0.0,1.0,2,889.0,0.0,51,17089.0,0.020878180353479,46,26548.0,0.0,39,24140.0,0.0,0,0.0,1.0,0,0.0,1.0,0,-9.0,0.8285606996634229,0,0.0,1.0,0,0.0,1.0,650,366659.0
2960.0,-0.2451999999999987,650,3672.72,146.9088,0.1356404065825336,4,187.0,0.0,0,0.0,1.0,0,0.0,1.0,4,-100.0,0.0,37,9744.0,0.0,0,0.0,1.0,32,22782.0,0.0,0,0.0,1.0,56,30890.0,0.0170800975662389,48,38578.0,0.0,0,0.0,1.0,73,54480.0,0.0,99,53364.0,0.0086009090094365,119,58833.0,5.769038024295215e-07,42,29770.0,0.0211851461823002,0,0.0,1.0,2,894.0,0.0,49,17149.0,0.0200613353997914,46,26565.0,0.0,39,24145.0,0.0,0,0.0,1.0,0,0.0,1.0,0,-9.0,0.7211926828855431,0,0.0,1.0,0,0.0,1.0,650,367272.0
2965.0,-0.1364000000000051,643,3676.13,147.0452,0.1630219762210558,4,187.0,0.0,0,0.0,1.0,0,0.0,1.0,4,-100.0,0.0,37,9816.0,0.0,0,0.0,1.0,32,22792.0,0.0,0,0.0,1.0,57,30944.0,0.0162391290778192,48,38593.0,0.0,0,0.0,1.0,73,54545.0,0.0,100,53470.0,0.008795553963213,114,58966.0,0.0077907518455917,43,29796.0,0.0001567069086005,0,0.0,1.0,2,899.0,0.0,44,16988.0,0.0397091035166028,46,26576.0,0.0,39,24150.0,0.0,0,0.0,1.0,0,0.0,1.0,0,-9.0,0.744772410199525,0,0.0,1.0,0,0.0,1.0,643,367613.0
2970.0,-0.1284000000000004,639,3679.34,147.1736,0.1990299913691427,4,187.0,0.0,0,0.0,1.0,0,0.0,1.0,4,-100.0,0.0,37,9898.0,0.0,0,0.0,1.0,32,22816.0,0.0,0,0.0,1.0,57,31010.0,0.0437975966458626,48,38608.0,0.0,0,0.0,1.0,73,54595.0,0.0,100,53572.0,0.0242192069934273,111,59017.0,0.008163919142844,43,29806.0,0.0,0,0.0,1.0,2,904.0,0.0,43,16891.0,0.0377134911369521,46,26589.0,0.0,39,24150.0,0.0,0,0.0,1.0,0,0.0,1.0,0,-9.0,0.798514552482004,0,0.0,1.0,0,0.0,1.0,639,367934.0
2975.0,-0.1492000000000015,631,3683.0700000000006,147.3228,0.2847804492735561,4,187.0,0.0,0,0.0,1.0,0,0.0,1.0,0,-89.0,0.4487542050959024,37,9975.0,0.000240420346232,0,0.0,1.0,32,22832.0,0.0,0,0.0,1.0,53,31099.0,0.0605092409534569,48,38623.0,0.0,0,0.0,1.0,73,54671.0,0.0,96,53620.0,0.0329799784110418,114,59031.0,0.0110908493728742,43,29806.0,0.0,0,0.0,1.0,2,909.0,0.0,45,16901.0,0.0271269291946286,46,26604.0,0.0,38,24156.0,0.0,0,0.0,1.0,0,0.0,1.0,0,-18.0,0.6717381182329614,0,0.0,1.0,0,0.0,1.0,631,368307.0
2980.0,-0.1483999999999936,638,3686.78,147.47119999999998,0.2781260227477228,4,190.0,0.0,0,0.0,1.0,0,0.0,1.0,2,-117.0,0.4996017966256015,38,10061.0,0.0,0,0.0,1.0,32,22833.0,0.0,0,0.0,1.0,53,31182.0,0.0438630868694649,48,38637.0,0.0,0,0.0,1.0,73,54767.0,0.0,96,53666.0,0.0233508062850951,116,59035.0,0.0224722061736232,43,29821.0,0.0,0,0.0,1.0,2,917.0,0.0,46,16945.0,0.0213952952534062,46,26609.0,0.0,38,24156.0,0.0,0,0.0,1.0,0,0.0,1.0,1,-24.0,0.0052222819937773,0,0.0,1.0,0,0.0,1.0,638,368678.0
2985.0,-0.1800000000000074,642,3691.28,147.65120000000002,0.29243702866206,4,194.0,0.0,0,0.0,1.0,0,0.0,1.0,3,-137.0,0.5082203013522761,38,10140.0,0.0,0,0.0,1.0,32,22833.0,0.0,0,0.0,1.0,53,31249.0,0.0453838344422924,48,38644.0,0.0,0,0.0,1.0,73,54874.0,0.0,96,53736.0,0.0181083932250345,116,59032.0,0.0353772987419443,43,29850.0,0.0,0,0.0,1.0,2,927.0,0.0,48,17035.0,0.0209955143886181,46,26619.0,0.0,38,24156.0,0.0,0,0.0,1.0,0,0.0,1.0,2,-24.0,5.529091032023118e-06,0,0.0,1.0,0,0.0,1.0,642,369128.0
2990.0,-0.1807999999999922,645,3695.8000000000006,147.832,0.2637191388069856,4,194.0,0.0,0,0.0,1.0,0,0.0,1.0,3,-157.0,0.5429342131093604,38,10191.0,0.0,0,0.0,1.0,32,22833.0,0.0,0,0.0,1.0,53,31331.0,0.0294008003426937,48,38644.0,0.0,0,0.0,1.0,73,54991.0,0.0,96,53778.0,0.0168863905250594,116,59040.0,0.0309283192768564,43,29884.0,0.0,0,0.0,1.0,2,937.0,0.0,51,17156.0,0.0101162057230248,46,26626.0,0.0,38,24156.0,0.0,0,0.0,1.0,0,0.0,1.0,2,-24.0,0.0,0,0.0,1.0,0,0.0,1.0,645,369580.0
2995.0,0.2555999999999964,641,3689.41,147.5764,0.2689229902209296,0,73.0,0.3332768561457268,0,0.0,1.0,0,0.0,1.0,3,-177.0,0.429054109771225,38,10221.0,0.0,0,0.0,1.0,32,22833.0,0.0,0,0.0,1.0,53,31397.0,0.0037560479982875,48,38644.0,0.0,0,0.0,1.0,73,55112.0,0.0,96,53797.0,0.0023779616867777,116,59054.0,0.0295392648023934,43,29921.0,0.0,0,0.0,1.0,0,0.0,1.0,55,17289.0,0.0165290756731864,46,26626.0,0.0,38,24156.0,0.0,0,0.0,1.0,0,0.0,1.0,0,0.0,1.0,0,-5.0,0.7454407788138236,0,0.0,1.0,641,368941.0
3000.0,-0.0652000000000025,645,3691.04,147.6416,0.2249608570201418,1,31.0,0.0012394096830404,0,0.0,1.0,0,0.0,1.0,6,-193.0,0.1228674802437405,38,10238.0,0.0,0,0.0,1.0,32,22843.0,0.0,0,0.0,1.0,55,31457.0,0.0091936346080893,48,38650.0,0.0,0,0.0,1.0,73,55229.0,0.0,98,53809.0,0.0055980321635001,114,59083.0,0.0069270999413891,42,29961.0,0.0,0,0.0,1.0,0,0.0,1.0,54,17227.0,0.0400676649540088,46,26626.0,0.0,38,24156.0,0.0,0,0.0,1.0,0,0.0,1.0,0,0.0,1.0,0,-13.0,0.7854235785414796,0,0.0,1.0,645,369104.0
3005.0,-0.1247999999999939,640,3694.16,147.7664,0.2551432784834943,1,33.0,0.0,0,0.0,1.0,0,0.0,1.0,7,-198.0,0.091397774226982,38,10267.0,0.0,0,0.0,1.0,32,22877.0,0.0,0,0.0,1.0,55,31489.0,0.0316032885669256,48,38679.0,0.0,0,0.0,1.0,73,55331.0,0.0,98,53815.0,0.0093220161647523,113,59081.0,0.0061628352275312,42,30010.0,0.0,0,0.0,1.0,0,0.0,1.0,49,17263.0,0.0433380188202258,46,26626.0,0.0,38,24156.0,0.0,0,0.0,1.0,0,0.0,1.0,0,0.0,0.8805601198356598,0,-13.0,0.747460774028899,0,0.0,1.0,640,369416.0
3010.0,-0.1376000000000066,641,3697.6,147.904,0.1982534196189689,1,36.0,0.0,0,0.0,1.0,0,0.0,1.0,8,-200.0,0.0,38,10315.0,0.0,0,0.0,1.0,32,22919.0,0.0,0,0.0,1.0,55,31507.0,0.0298952607886377,48,38719.0,0.0,0,0.0,1.0,73,55398.0,0.0,98,53823.0,0.0087216864549623,114,59072.0,0.0044578223045509,42,30061.0,0.0,0,0.0,1.0,0,0.0,1.0,48,17347.0,0.0131572121224391,46,26626.0,0.0,38,24156.0,0.0,0,0.0,1.0,0,0.0,1.0,0,-1.0,0.8569474895803161,0,-18.0,0.8033238393754312,0,0.0,1.0,641,369760.0
3015.0,-0.1707999999999975,645,3701.869999999999,148.07479999999998,0.1887584837001455,1,36.0,0.0,0,0.0,1.0,0,0.0,1.0,8,-200.0,0.0,38,10434.0,0.0,0,0.0,1.0,32,22971.0,0.0,0,0.0,1.0,55,31522.0,0.0307422673740505,48,38758.0,0.0,0,0.0,1.0,73,55460.0,0.0,98,53826.0,0.0095654957027755,118,59091.0,0.0001548866658967,42,30117.0,0.0,0,0.0,1.0,0,0.0,1.0,48,17423.0,0.0141913091518378,46,26626.0,0.0,38,24156.0,0.0,0,0.0,1.0,0,0.0,1.0,0,-5.0,0.978093359750137,0,-28.0,0.7139969279423588,0,0.0,1.0,645,370187.0
3020.0,-0.1879999999999969,645,3706.57,148.2628,0.1461447843049472,1,36.0,0.0,0,0.0,1.0,0,0.0,1.0,8,-200.0,0.0,38,10580.0,0.0,0,0.0,1.0,32,23033.0,0.0,0,0.0,1.0,55,31530.0,0.028159394109249,48,38782.0,0.0,0,0.0,1.0,73,55505.0,0.0,98,53875.0,0.0084228196817654,119,59116.0,7.881032540259489e-07,42,30163.0,0.0,0,0.0,1.0,0,0.0,1.0,47,17496.0,0.0136257417805133,46,26633.0,0.0,38,24156.0,0.0,0,0.0,1.0,0,0.0,1.0,0,-10.0,0.9406622794678328,0,-38.0,0.717166389309537,0,0.0,1.0,645,370657.0
3025.0,-0.1300000000000041,641,3709.82,148.3928,0.1310066315491161,1,36.0,0.0,0,0.0,1.0,0,0.0,1.0,8,-194.0,0.0,38,10731.0,0.0,0,0.0,1.0,32,23118.0,0.0,0,0.0,1.0,56,31525.0,0.0309686726797128,48,38797.0,0.0,0,0.0,1.0,73,55517.0,0.0,99,53981.0,0.0093546075150269,115,59132.0,0.0033058546290289,42,30192.0,0.0,0,0.0,1.0,0,0.0,1.0,45,17412.0,0.0186245643265323,46,26642.0,0.0,38,24156.0,0.0,0,0.0,1.0,0,0.0,1.0,0,-15.0,0.8633519655903219,0,-48.0,0.7704972338787701,0,0.0,1.0,641,370982.0
3030.0,-0.1808000000000018,644,3714.34,148.5736,0.0582582178571221,1,36.0,0.0,0,0.0,1.0,0,0.0,1.0,8,-166.0,0.0,38,10870.0,0.0,0,0.0,1.0,32,23196.0,0.0,0,0.0,1.0,57,31519.0,0.0165099934464966,48,38812.0,0.0,0,0.0,1.0,73,55522.0,0.0,99,54135.0,0.0084745582979013,114,59114.0,0.0026919571392506,42,30205.0,0.0,0,0.0,1.0,0,0.0,1.0,46,17465.0,0.0092614530110893,46,26643.0,0.0,38,24156.0,0.0,0,0.0,1.0,0,0.0,1.0,1,-19.0,0.0040300855706516,1,-54.0,0.0103686684729988,0,0.0,1.0,644,371434.0
3035.0,-0.1595999999999968,644,3718.33,148.7332,0.1300998398325215,1,36.0,0.0,0,0.0,1.0,0,0.0,1.0,8,-135.0,0.1777575620709048,38,10977.0,0.0,0,0.0,1.0,32,23237.0,0.0,0,0.0,1.0,53,31542.0,0.024449891116086,48,38827.0,0.0,0,0.0,1.0,73,55522.0,0.0,96,54281.0,0.0112040442300811,117,59099.0,0.0074415070059673,42,30206.0,0.0,0,0.0,1.0,0,0.0,1.0,49,17515.0,0.0063632222041096,46,26643.0,0.0,38,24156.0,0.0,0,0.0,1.0,0,0.0,1.0,1,-19.0,3.0023869249168745e-05,2,-54.0,0.0,0,0.0,1.0,644,371833.0
3040.0,-0.1504000000000004,643,3722.09,148.8836,0.1628948139196062,1,37.0,0.0,0,0.0,1.0,0,0.0,1.0,8,-126.0,0.2797084623920212,38,11053.0,0.0,0,0.0,1.0,32,23257.0,0.0,0,0.0,1.0,53,31567.0,0.0152980447808105,48,38837.0,0.0,0,0.0,1.0,73,55524.0,0.0,96,54453.0,0.0096145763730339,118,59086.0,0.0216916039664261,42,30206.0,0.0,0,0.0,1.0,0,0.0,1.0,47,17589.0,0.0062352897634585,46,26643.0,0.0,38,24156.0,0.0,0,0.0,1.0,0,0.0,1.0,1,-19.0,0.0,2,-54.0,0.0,0,0.0,1.0,643,372209.0
3045.0,-0.1368000000000017,647,3725.51,149.0204,0.1478414456230157,1,42.0,0.0,0,0.0,1.0,0,0.0,1.0,8,-125.0,0.2720908038385736,38,11097.0,0.0,0,0.0,1.0,32,23272.0,0.0,0,0.0,1.0,53,31581.0,0.0163990920980279,48,38844.0,0.0,0,0.0,1.0,73,55524.0,0.0,96,54637.0,0.0,118,59072.0,0.0256863544820316,42,30206.0,0.0,0,0.0,1.0,0,0.0,1.0,51,17675.0,0.0030446654026783,46,26643.0,0.0,38,24156.0,0.0,0,0.0,1.0,0,0.0,1.0,1,-19.0,0.0,2,-54.0,0.0,0,0.0,1.0,647,372551.0
3050.0,-0.1240000000000015,650,3728.61,149.14440000000002,0.1560292365427562,1,47.0,0.0,0,0.0,1.0,0,0.0,1.0,8,-147.0,0.3397848799934496,38,11128.0,0.0,0,0.0,1.0,32,23283.0,0.0,0,0.0,1.0,53,31605.0,0.0,48,38873.0,0.0,0,0.0,1.0,73,55524.0,0.0,96,54775.0,0.0,118,59073.0,0.0273511714269123,42,30206.0,0.0,0,0.0,1.0,0,0.0,1.0,54,17768.0,0.0006929782373755,46,26643.0,0.0,38,24156.0,0.0,0,0.0,1.0,0,0.0,1.0,1,-19.0,0.0,2,-54.0,0.0,0,0.0,1.0,650,372861.0
3055.0,-0.0824,650,3730.669999999999,149.2268,0.1515713648307901,0,0.0,1.0,0,0.0,1.0,0,0.0,1.0,8,-172.0,0.2004102098067155,38,11164.0,0.0,0,0.0,1.0,32,23293.0,0.0,0,0.0,1.0,53,31605.0,0.0,48,38900.0,0.0,0,0.0,1.0,73,55524.0,0.0,96,54861.0,0.0,118,59095.0,0.0268397589107864,42,30206.0,0.0,0,0.0,1.0,0,0.0,1.0,56,17851.0,3.472009078569244e-05,46,26643.0,0.0,38,24156.0,0.0,0,0.0,1.0,0,0.0,1.0,0,0.0,1.0,2,-59.0,0.2489704573736171,0,0.0,1.0,650,373067.0
3060.0,-0.0847999999999981,647,3732.79,149.31160000000003,0.1412349261462959,0,0.0,1.0,0,0.0,1.0,0,0.0,1.0,11,-187.0,0.0769654694053584,38,11205.0,0.0,0,0.0,1.0,32,23302.0,0.0,0,0.0,1.0,53,31605.0,0.0,48,38923.0,0.0,0,0.0,1.0,73,55524.0,0.0,96,54919.0,0.0,117,59155.0,0.0063622224473429,42,30208.0,0.0184102717877292,0,0.0,1.0,0,0.0,1.0,53,17863.0,0.0103521937172433,46,26643.0,0.0,38,24156.0,0.0,0,0.0,1.0,0,0.0,1.0,0,-3.0,0.4236449687677165,0,-36.0,0.5569630504249127,0,2.0,0.8836411844505352,647,373279.0
3065.0,-0.0843999999999965,641,3734.9,149.39600000000002,0.2050261623822167,0,0.0,1.0,0,0.0,1.0,0,0.0,1.0,12,-184.0,0.0011871044808199,38,11260.0,0.0,0,0.0,1.0,32,23315.0,0.0,0,0.0,1.0,53,31601.0,0.0159483749872777,48,38939.0,0.0,0,0.0,1.0,73,55524.0,0.0,96,55005.0,0.0,115,59197.0,0.0067965019689462,42,30207.0,0.0228959482684129,0,0.0,1.0,0,0.0,1.0,48,17839.0,0.0272022141167697,46,26643.0,0.0,38,24156.0,0.0,0,0.0,1.0,0,0.0,1.0,0,-6.0,0.7866503419630549,0,-8.0,0.9821312987117318,0,2.0,0.7211533043781019,641,373490.0
3070.0,-0.1048000000000016,639,3737.52,149.5008,0.2136639082436054,0,0.0,1.0,0,0.0,1.0,0,0.0,1.0,13,-175.0,0.0,38,11325.0,0.0,0,0.0,1.0,32,23325.0,0.0,0,0.0,1.0,53,31601.0,0.0178464989575181,48,38954.0,0.0,0,0.0,1.0,73,55524.0,0.0,96,55126.0,0.0,115,59237.0,0.0060775238417246,42,30202.0,0.0225946857773052,0,0.0,1.0,0,0.0,1.0,45,17851.0,0.026769294553036,46,26643.0,0.0,38,24156.0,0.0,0,0.0,1.0,0,0.0,1.0,0,-6.0,0.9097468492823092,0,-8.0,0.9730497180009532,0,-3.0,0.7602222200017359,639,373752.0
3075.0,-0.1408000000000007,641,3741.039999999999,149.6416,0.1925247382835092,0,0.0,1.0,0,0.0,1.0,0,0.0,1.0,13,-165.0,0.0,38,11433.0,0.0,0,0.0,1.0,32,23331.0,0.0,0,0.0,1.0,53,31601.0,0.0172296766360114,48,38969.0,0.0,0,0.0,1.0,73,55524.0,0.0,96,55298.0,0.0,117,59290.0,0.0008408762857577,42,30197.0,0.0225893984223962,0,0.0,1.0,0,0.0,1.0,45,17864.0,0.0230832879434597,46,26643.0,0.0,38,24156.0,0.0,0,0.0,1.0,0,0.0,1.0,0,-11.0,0.9006907425661291,0,-13.0,0.8229417165894091,0,-13.0,0.7849777389273145,641,374104.0
3080.0,-0.1595999999999993,646,3745.03,149.8012,0.125600792458657,0,0.0,1.0,0,0.0,1.0,0,0.0,1.0,13,-158.0,0.0,38,11560.0,0.0,0,0.0,1.0,32,23331.0,0.0,0,0.0,1.0,53,31601.0,0.0167641802898489,48,38979.0,0.0,0,0.0,1.0,73,55524.0,0.0,96,55515.0,0.0,120,59353.0,2.2723284130228415e-05,42,30192.0,0.0188105068610271,0,0.0,1.0,0,0.0,1.0,47,17874.0,0.0160389772479574,46,26643.0,0.0,38,24156.0,0.0,0,0.0,1.0,0,0.0,1.0,0,-26.0,0.678577269789607,0,-18.0,0.0180729233384949,0,-23.0,0.7176202200050433,646,374503.0
3085.0,-0.1188000000000027,644,3748.0,149.92000000000002,0.1277180414266142,0,0.0,1.0,0,0.0,1.0,0,0.0,1.0,13,-158.0,0.0,38,11692.0,0.0,0,0.0,1.0,32,23331.0,0.0,0,0.0,1.0,54,31594.0,0.0131229570177637,48,38980.0,0.0,0,0.0,1.0,73,55524.0,0.0,96,55757.0,0.007988972469459,115,59437.0,0.0055579911571041,43,30190.0,0.0,0,0.0,1.0,0,0.0,1.0,46,17740.0,0.011106353586445,46,26643.0,0.0,38,24159.0,0.0,0,0.0,1.0,0,0.0,1.0,1,-37.0,0.6119682642556189,1,-19.0,1.6165431048122396e-05,0,-33.0,0.8109855225894294,644,374800.0
3090.0,-0.1439999999999953,643,3751.6,150.064,0.1303098617309402,0,0.0,1.0,0,0.0,1.0,0,0.0,1.0,13,-158.0,0.0,38,11812.0,0.0,0,0.0,1.0,32,23331.0,0.0,0,0.0,1.0,54,31575.0,0.0416806092965647,48,38980.0,0.0,0,0.0,1.0,73,55529.0,0.0,96,55998.0,0.0089525181977952,111,59478.0,0.0126304361215789,43,30190.0,0.0,0,0.0,1.0,0,0.0,1.0,47,17719.0,0.0098862061079667,46,26643.0,0.0,38,24169.0,0.0,0,0.0,1.0,0,0.0,1.0,3,-44.0,0.0010495863045406,1,-19.0,0.0,0,-43.0,0.7119316673535399,643,375160.0
3095.0,-0.1467999999999995,645,3755.27,150.2108,0.0990344432733593,0,0.0,1.0,0,0.0,1.0,0,0.0,1.0,13,-163.0,0.0707227615985282,38,11908.0,0.0,0,0.0,1.0,32,23331.0,0.0,0,0.0,1.0,53,31566.0,0.0406330478992288,48,38980.0,0.0,0,0.0,1.0,73,55554.0,0.0,96,56228.0,0.0093390863721393,114,59506.0,0.0017253681392208,43,30191.0,0.0,0,0.0,1.0,0,0.0,1.0,45,17709.0,0.0065720602845932,46,26658.0,0.0,38,24171.0,0.0,0,0.0,1.0,0,0.0,1.0,3,-44.0,0.0,1,-19.0,0.0,2,-49.0,0.0001885337053826,645,375527.0
3100.0,-0.1780000000000045,650,3759.72,150.3888,0.0949536947455801,0,0.0,1.0,0,0.0,1.0,0,0.0,1.0,13,-168.0,0.0665213898397674,38,11989.0,0.0,0,0.0,1.0,32,23331.0,0.0,0,0.0,1.0,53,31557.0,0.0428638160888656,48,38980.0,0.0,0,0.0,1.0,73,55605.0,0.0,96,56445.0,0.0098007225529098,117,59549.0,4.353963306782682e-05,43,30211.0,0.0,0,0.0,1.0,0,0.0,1.0,47,17722.0,0.0048453447990105,46,26692.0,0.0,38,24171.0,0.0,0,0.0,1.0,0,0.0,1.0,3,-44.0,0.0,1,-19.0,0.0,2,-49.0,0.0,650,375972.0
3105.0,-0.1980000000000005,652,3764.67,150.5868,0.0836405617176605,0,0.0,1.0,0,0.0,1.0,0,0.0,1.0,13,-173.0,0.066994561199734,38,12057.0,0.0,0,0.0,1.0,32,23331.0,0.0,0,0.0,1.0,53,31548.0,0.0383694754157013,48,38986.0,0.0,0,0.0,1.0,73,55685.0,0.0,96,56648.0,0.0088526732336981,117,59610.0,2.371131078926457e-07,43,30245.0,0.0,0,0.0,1.0,0,0.0,1.0,49,17743.0,0.0008163806716944,46,26728.0,0.0,38,24171.0,0.0,0,0.0,1.0,0,0.0,1.0,3,-44.0,0.0,1,-19.0,0.0,2,-49.0,0.0,652,376467.0
3110.0,-0.2312000000000016,656,3770.4500000000007,150.81800000000004,0.0506655913039416,0,0.0,1.0,0,0.0,1.0,0,0.0,1.0,14,-175.0,8.600885625480297e-06,38,12135.0,0.0,0,0.0,1.0,32,23331.0,0.0,0,0.0,1.0,53,31543.0,0.0300193793043584,48,39001.0,0.0,0,0.0,1.0,73,55783.0,0.0,96,56838.0,0.0081791723772855,117,59734.0,0.0,43,30286.0,0.0,0,0.0,1.0,0,0.0,1.0,52,17761.0,2.1362567233924887e-05,46,26749.0,0.0,38,24171.0,0.0,0,0.0,1.0,0,0.0,1.0,3,-44.0,0.0,1,-19.0,0.0,2,-49.0,0.0,656,377045.0
3115.0,-0.2403999999999944,655,3776.46,151.05839999999998,0.0480959687897236,0,0.0,1.0,0,0.0,1.0,0,0.0,1.0,14,-175.0,0.0,38,12207.0,0.0,0,0.0,1.0,32,23331.0,0.0,0,0.0,1.0,55,31539.0,0.0004212185340121,48,39006.0,0.0,0,0.0,1.0,73,55888.0,0.0,96,57004.0,0.0006429392711277,117,59909.0,0.0,43,30340.0,0.0,0,0.0,1.0,0,0.0,1.0,52,17767.0,0.0,46,26754.0,0.0,38,24171.0,0.0,0,0.0,1.0,0,0.0,1.0,0,-19.0,0.6059083203882388,1,-28.0,0.4983175340220859,2,-48.0,0.0,655,377646.0
3120.0,-0.2768000000000007,647,3783.38,151.3352,0.1521253158649036,0,0.0,1.0,0,0.0,1.0,0,0.0,1.0,14,-175.0,0.0,38,12285.0,0.0,0,0.0,1.0,32,23331.0,0.0,0,0.0,1.0,56,31542.0,2.0396926206268858e-07,48,39006.0,0.0,0,0.0,1.0,73,56004.0,0.0,97,57167.0,0.0,114,60144.0,0.0020665264145962,42,30403.0,0.0164305239031321,0,0.0,1.0,0,0.0,1.0,49,17729.0,0.0116737778522679,46,26754.0,0.0,38,24171.0,0.0,0,0.0,1.0,0,0.0,1.0,0,-3.0,0.3788344326852237,0,-21.0,0.9517297177484524,0,1.0,0.8350591634443291,647,378338.0
3125.0,-0.234,642,3789.230000000001,151.5692,0.2091541812921305,0,0.0,1.0,0,0.0,1.0,0,0.0,1.0,14,-175.0,0.0,38,12354.0,0.0,0,0.0,1.0,32,23331.0,0.0,0,0.0,1.0,56,31546.0,0.0164111874474219,48,39009.0,0.0,0,0.0,1.0,73,56127.0,0.0,97,57307.0,0.0,112,60353.0,0.0052686443613637,42,30455.0,0.0206375907283564,0,0.0,1.0,0,0.0,1.0,46,17713.0,0.0086025042239678,46,26754.0,0.0,38,24176.0,0.0410995970853282,0,0.0,1.0,0,0.0,1.0,0,-6.0,0.8341373611513302,0,-22.0,0.916987987513433,0,1.0,0.8249702145457282,642,378923.0
3130.0,-0.2556,643,3795.62,151.8248,0.1910884625050375,0,0.0,1.0,0,0.0,1.0,0,0.0,1.0,14,-175.0,0.0,38,12415.0,0.0,0,0.0,1.0,32,23331.0,0.0,0,0.0,1.0,56,31556.0,0.0161029292664939,48,39024.0,0.0,0,0.0,1.0,73,56240.0,0.0,97,57453.0,0.0,115,60611.0,2.0099554435905863e-05,42,30506.0,0.0208088389180849,0,0.0,1.0,0,0.0,1.0,44,17698.0,0.0084774953469472,46,26754.0,0.0,38,24176.0,0.0344767732049634,0,0.0,1.0,0,0.0,1.0,0,-6.0,0.9050814257982032,0,-22.0,0.8678091086397952,0,1.0,0.9662902745119945,643,379562.0
3135.0,-0.3039999999999995,646,3803.22,152.12879999999998,0.1957732433426155,0,0.0,1.0,0,0.0,1.0,0,0.0,1.0,14,-175.0,0.0,38,12495.0,0.0,0,0.0,1.0,32,23331.0,0.0,0,0.0,1.0,56,31574.0,0.0157113878442146,48,39028.0,0.0,0,0.0,1.0,73,56348.0,0.0,97,57656.0,0.0,115,60884.0,0.0,42,30558.0,0.0229008505705722,0,0.0,1.0,0,0.0,1.0,47,17710.0,0.0041743397370889,46,26754.0,0.0,38,24179.0,0.042975697697584,0,0.0,1.0,0,0.0,1.0,0,-6.0,0.9082320793942386,0,-14.0,0.9361022116791686,0,0.0,0.8728234779127912,646,380322.0
3140.0,-0.3248000000000012,649,3811.34,152.4536,0.1528791529852994,0,0.0,1.0,0,0.0,1.0,0,0.0,1.0,14,-175.0,0.0,38,12622.0,0.0,0,0.0,1.0,32,23332.0,0.0,0,0.0,1.0,56,31610.0,0.0008298753995856,48,39028.0,0.0,0,0.0,1.0,73,56487.0,0.0,97,57861.0,0.0,115,61118.0,0.0,42,30597.0,0.0215449018025254,0,0.0,1.0,0,0.0,1.0,50,17746.0,0.0002992262248737,46,26760.0,0.0,38,24179.0,0.0384184476692615,0,0.0,1.0,0,0.0,1.0,0,-6.0,0.991162302901176,0,-17.0,0.4842560624790292,0,-8.0,0.9763137670820335,649,381134.0
3145.0,-0.2764000000000014,646,3818.25,152.73,0.1232278389445006,0,0.0,1.0,0,0.0,1.0,0,0.0,1.0,14,-160.0,0.0,38,12746.0,0.0,0,0.0,1.0,32,23352.0,0.0,0,0.0,1.0,57,31671.0,0.0149636982619897,48,39028.0,0.0,0,0.0,1.0,73,56632.0,0.0,97,58055.0,0.0096064665469067,111,61294.0,0.0039039818301639,43,30618.0,2.2172092139752165e-05,0,0.0,1.0,0,0.0,1.0,47,17661.0,0.0073802608207014,46,26786.0,0.0,38,24179.0,0.0371794328563464,0,0.0,1.0,0,0.0,1.0,0,-8.0,0.0530616365313927,2,-21.0,4.986888963575634e-05,0,-8.0,0.9065396023705564,646,381825.0
3150.0,-0.2735999999999941,645,3825.09,153.00359999999998,0.1513678380949704,0,0.0,1.0,0,0.0,1.0,0,0.0,1.0,14,-120.0,0.0,38,12863.0,0.0,0,0.0,1.0,32,23382.0,0.0,0,0.0,1.0,57,31744.0,0.046014976175327,48,39028.0,0.0,0,0.0,1.0,73,56768.0,0.0,97,58197.0,0.0101224180794342,112,61401.0,1.1000531969345197e-05,43,30628.0,0.0,0,0.0,1.0,0,0.0,1.0,44,17665.0,0.0077595829047315,46,26826.0,0.0,38,24169.0,0.0601337844055065,0,0.0,1.0,0,0.0,1.0,1,-8.0,9.972884958269973e-06,2,-21.0,0.0,0,-13.0,0.8708759140580412,645,382509.0
3155.0,-0.2780000000000034,641,3832.04,153.28160000000003,0.1767860305365345,0,0.0,1.0,0,0.0,1.0,0,0.0,1.0,14,-76.0,0.1060099102014493,38,12969.0,0.0,0,0.0,1.0,32,23402.0,0.0,0,0.0,1.0,53,31846.0,0.058014860394198,48,39028.0,0.0,0,0.0,1.0,73,56899.0,0.0,96,58328.0,0.0090752347248198,112,61520.0,0.0060269374183218,43,30631.0,0.0,0,0.0,1.0,0,0.0,1.0,45,17653.0,0.0061735631539768,46,26865.0,0.0,38,24186.0,0.0347842956814891,0,0.0,1.0,0,0.0,1.0,1,-8.0,0.0,2,-21.0,0.0,0,-18.0,0.0346796040719759,641,383204.0
3160.0,-0.2883999999999975,645,3839.25,153.57000000000002,0.1963965020825243,0,0.0,1.0,0,0.0,1.0,0,0.0,1.0,14,-40.0,0.1681573481145115,38,13080.0,0.0,0,0.0,1.0,32,23409.0,0.0,0,0.0,1.0,53,31937.0,0.0424953415907151,48,39034.0,0.0,0,0.0,1.0,73,57028.0,0.0,96,58429.0,0.0092350874599818,112,61676.0,0.0076140602731603,43,30662.0,0.0,0,0.0,1.0,0,0.0,1.0,48,17656.0,0.0007445409182421,46,26895.0,0.0,38,24206.0,0.0222588827494266,0,0.0,1.0,0,0.0,1.0,1,-8.0,0.0,2,-21.0,0.0,1,-18.0,3.229559640143209e-05,645,383925.0
3165.0,-0.3124000000000045,647,3847.06,153.8824,0.183615826123142,0,0.0,1.0,0,0.0,1.0,0,0.0,1.0,14,-6.0,0.1632952784532585,38,13182.0,0.0,0,0.0,1.0,32,23409.0,0.0,0,0.0,1.0,53,32002.0,0.0407897377808333,48,39048.0,0.0,0,0.0,1.0,73,57185.0,0.0,96,58539.0,0.0,112,61871.0,0.0078072161779635,43,30733.0,0.0,0,0.0,1.0,0,0.0,1.0,50,17672.0,3.555982445997163e-05,46,26907.0,0.0,38,24211.0,0.0241772764486738,0,0.0,1.0,0,0.0,1.0,1,-8.0,0.0,2,-21.0,0.0,1,-18.0,6.386815912910281e-06,647,384706.0
3170.0,-0.2951999999999988,647,3854.440000000001,154.1776,0.1737547787664515,0,0.0,1.0,0,0.0,1.0,0,0.0,1.0,14,6.0,0.1045291376675796,38,13279.0,0.0,0,0.0,1.0,32,23409.0,0.0,0,0.0,1.0,53,32078.0,0.0405945564500116,48,39052.0,0.0,0,0.0,1.0,73,57362.0,0.0,96,58632.0,0.0,112,62046.0,0.01712506304678,43,30802.0,0.0,0,0.0,1.0,0,0.0,1.0,50,17676.0,6.464850019846924e-07,46,26907.0,0.0,38,24238.0,0.0218801101701192,0,0.0,1.0,0,0.0,1.0,1,-8.0,0.0,2,-20.0,0.0,1,-15.0,0.0,647,385444.0
3175.0,-0.2884000000000015,651,3861.650000000001,154.466,0.0821351855359335,0,0.0,1.0,0,0.0,1.0,0,0.0,1.0,17,8.0,0.0013963378799785,38,13360.0,0.0,0,0.0,1.0,32,23410.0,0.0,0,0.0,1.0,54,32148.0,0.0022585327477408,48,39058.0,0.0,0,0.0,1.0,73,57546.0,0.0,96,58714.0,0.0,112,62232.0,0.0144572544821644,43,30858.0,0.0,0,0.0,1.0,0,0.0,1.0,50,17676.0,0.0,46,26907.0,0.0,39,24271.0,5.709043216072783e-06,0,0.0,1.0,0,0.0,1.0,0,0.0,1.0,2,-13.0,0.2817828991817712,1,-10.0,0.0,651,386165.0
3180.0,-0.2579999999999999,646,3868.1,154.724,0.1617132105664547,0,0.0,1.0,0,0.0,1.0,0,0.0,1.0,18,9.0,6.931158160454292e-07,38,13428.0,0.0,0,0.0,1.0,32,23429.0,0.0,0,0.0,1.0,56,32199.0,1.1041078692516618e-05,48,39086.0,0.0,0,0.0,1.0,73,57708.0,0.0,96,58791.0,0.0,111,62414.0,0.01468941707583,42,30917.0,0.0163835703507602,0,0.0,1.0,0,0.0,1.0,47,17608.0,0.0081918766192515,46,26907.0,0.0,39,24315.0,0.0136768394784969,0,0.0,1.0,0,0.0,1.0,0,2.0,0.360777048663023,0,-5.0,0.513552998057999,0,2.0,0.961701499970264,646,386810.0
3185.0,-0.2288000000000002,641,3873.82,154.9528,0.2433207308829346,0,0.0,1.0,0,0.0,1.0,0,0.0,1.0,18,14.0,0.0,38,13495.0,0.0,0,0.0,1.0,32,23460.0,0.0,0,0.0,1.0,56,32236.0,0.0,48,39122.0,0.0,0,0.0,1.0,73,57836.0,0.0,96,58856.0,0.0,111,62594.0,0.0088738858039751,42,30979.0,0.0201941816458537,0,0.0,1.0,0,0.0,1.0,42,17523.0,0.020956925198222,46,26907.0,0.0,39,24359.0,0.0217804729571599,0,0.0,1.0,0,0.0,1.0,0,2.0,0.8803009396468183,0,-3.0,0.9693939962786596,0,2.0,0.8407541331016692,641,387382.0
3190.0,-0.2283999999999969,638,3879.5299999999993,155.18120000000002,0.2390943998285459,0,0.0,1.0,0,0.0,1.0,0,0.0,1.0,18,19.0,0.0,38,13534.0,0.0,0,0.0,1.0,32,23497.0,0.0,0,0.0,1.0,56,32281.0,0.0,48,39147.0,0.0,0,0.0,1.0,73,57938.0,0.0,96,58916.0,0.0,111,62761.0,0.0,42,31039.0,0.0611914635600304,0,0.0,1.0,0,0.0,1.0,39,17517.0,0.027762915873039,46,26907.0,0.0,39,24401.0,0.0236430067613735,0,0.0,1.0,0,0.0,1.0,0,2.0,0.8371844742006885,0,-3.0,0.9436146002590352,0,-3.0,0.9612190540161092,638,387953.0
3195.0,-0.238400000000007,642,3885.49,155.4196,0.2182213929182568,0,0.0,1.0,0,0.0,1.0,0,0.0,1.0,18,22.0,0.0,38,13618.0,0.0,0,0.0,1.0,32,23538.0,0.0,0,0.0,1.0,56,32348.0,0.0,48,39154.0,0.0,0,0.0,1.0,73,58019.0,0.0,96,59000.0,0.0,111,62896.0,0.0,42,31097.0,0.057232955924184,0,0.0,1.0,0,0.0,1.0,43,17522.0,0.0157111705717525,46,26913.0,0.0,39,24442.0,0.023647101174954,0,0.0,1.0,0,0.0,1.0,0,0.0,0.8407685512401942,0,-7.0,0.8421554686480276,0,-13.0,0.8692866717776367,642,388549.0
3200.0,-0.2619999999999953,645,3892.04,155.68159999999995,0.1592107689972786,0,0.0,1.0,0,0.0,1.0,0,0.0,1.0,18,32.0,0.0,38,13746.0,0.0,0,0.0,1.0,32,23582.0,0.0,0,0.0,1.0,56,32433.0,0.0,48,39154.0,0.0,0,0.0,1.0,73,58116.0,0.0,96,59076.0,0.0,111,62996.0,0.0,42,31136.0,0.037581689506367,0,0.0,1.0,0,0.0,1.0,46,17544.0,0.000561052134123,46,26943.0,0.0,39,24487.0,0.0006595949726021,0,0.0,1.0,0,0.0,1.0,0,-13.0,0.784769427757238,0,0.0,1.0,0,-28.0,0.9569871851953108,645,389204.0
3205.0,-0.2287999999999996,643,3897.76,155.91039999999998,0.1610315830069891,0,0.0,1.0,0,0.0,1.0,0,0.0,1.0,18,64.0,0.0,38,13883.0,0.0,0,0.0,1.0,32,23644.0,0.0,0,0.0,1.0,56,32534.0,0.0,48,39154.0,0.0,0,0.0,1.0,73,58202.0,0.0,96,59137.0,0.0098083396546691,111,63059.0,0.0,43,31161.0,0.0314761378461805,0,0.0,1.0,0,0.0,1.0,42,17482.0,0.0179492128917347,46,26983.0,0.0,40,24528.0,1.9205802162726253e-07,0,0.0,1.0,0,0.0,1.0,0,-28.0,0.7223622319602518,0,0.0,1.0,0,-27.0,0.912763403246512,643,389776.0
3210.0,-0.1935999999999941,639,3902.6,156.10399999999998,0.1815429041627726,0,0.0,1.0,0,0.0,1.0,0,0.0,1.0,18,116.0,0.0,38,14010.0,0.0,0,0.0,1.0,32,23695.0,0.0,0,0.0,1.0,56,32643.0,0.0,48,39154.0,0.0,0,0.0,1.0,73,58304.0,0.0,96,59168.0,0.0269530768781786,111,63104.0,0.0,43,31171.0,0.0367423086357765,0,0.0,1.0,0,0.0,1.0,38,17392.0,0.0292686531810705,46,27023.0,0.0,40,24538.0,0.0385416722181494,0,0.0,1.0,0,0.0,1.0,0,-43.0,0.2746508991976166,0,0.0,1.0,0,-15.0,0.889272731208299,639,390260.0
3215.0,-0.2132,640,3907.9300000000007,156.3172,0.2001392290885678,0,0.0,1.0,0,0.0,1.0,0,0.0,1.0,18,181.0,0.0797401641697616,38,14124.0,0.0,0,0.0,1.0,32,23714.0,0.0,0,0.0,1.0,53,32763.0,0.0100190801257578,48,39154.0,0.0,0,0.0,1.0,73,58402.0,0.0,96,59191.0,0.0265079306275342,111,63155.0,0.0,43,31165.0,0.0232778504741323,0,0.0,1.0,0,0.0,1.0,41,17377.0,0.0042934324588793,46,27059.0,0.0,38,24576.0,0.045558992768143,0,0.0,1.0,0,0.0,1.0,3,-48.0,0.0010386835926764,0,0.0,1.0,0,-20.0,0.8729970357796324,640,390793.0
3220.0,-0.2060000000000034,645,3913.08,156.5232,0.196891889337733,0,0.0,1.0,0,0.0,1.0,0,0.0,1.0,18,251.0,0.0885194260521095,38,14233.0,0.0,0,0.0,1.0,32,23719.0,0.0,0,0.0,1.0,53,32875.0,0.0,48,39149.0,0.019075719225597,0,0.0,1.0,73,58506.0,0.0,96,59200.0,0.0283213233207785,111,63226.0,0.0,45,31173.0,2.669128299922152e-05,0,0.0,1.0,0,0.0,1.0,44,17389.0,6.646357039815422e-05,46,27094.0,0.0,38,24566.0,0.0415012401257002,0,0.0,1.0,0,0.0,1.0,3,-48.0,0.0,0,0.0,1.0,0,-25.0,0.9184052862679246,645,391308.0
3225.0,-0.2208000000000021,646,3918.6,156.74399999999997,0.1782953722899045,0,0.0,1.0,0,0.0,1.0,0,0.0,1.0,18,313.0,0.0805870624035279,38,14349.0,0.0,0,0.0,1.0,32,23733.0,0.0,0,0.0,1.0,53,32974.0,0.0,48,39151.0,0.0176559851789278,0,0.0,1.0,73,58624.0,0.0,96,59203.0,0.0263994678368082,111,63300.0,0.0,45,31192.0,0.0,0,0.0,1.0,0,0.0,1.0,44,17396.0,0.0,46,27121.0,0.0,38,24578.0,0.0489415635751082,0,0.0,1.0,0,0.0,1.0,3,-48.0,0.0,0,0.0,1.0,1,-26.0,0.0004336997941911,646,391860.0
3230.0,-0.2224000000000011,647,3924.16,156.9664,0.1037817682846689,0,0.0,1.0,0,0.0,1.0,0,0.0,1.0,19,360.0,0.0019432551799615,38,14463.0,0.0,0,0.0,1.0,32,23746.0,0.0,0,0.0,1.0,53,33068.0,0.0,48,39164.0,0.0192253558629631,0,0.0,1.0,73,58757.0,0.0,96,59203.0,0.0124359325009056,111,63372.0,0.0,45,31207.0,0.0,0,0.0,1.0,0,0.0,1.0,44,17396.0,0.0,46,27133.0,0.0,38,24609.0,0.0298050195500968,0,0.0,1.0,0,0.0,1.0,3,-41.0,0.0,0,0.0,1.0,1,-21.0,0.0,647,392416.0
3235.0,-0.2232000000000024,650,3929.7400000000007,157.1896,0.0879236906780564,0,0.0,1.0,0,0.0,1.0,0,0.0,1.0,20,396.0,9.337692810627992e-07,38,14545.0,0.0,0,0.0,1.0,32,23761.0,0.0,0,0.0,1.0,53,33141.0,0.0,48,39194.0,0.016881493845969,0,0.0,1.0,73,58897.0,0.0,99,59222.0,2.228243901727282e-06,111,63449.0,0.0,45,31222.0,0.0,0,0.0,1.0,0,0.0,1.0,44,17398.0,0.0,46,27133.0,0.0,40,24646.0,4.843932349841118e-05,0,0.0,1.0,0,0.0,1.0,0,-14.0,0.4975237552571971,0,0.0,0.7751081286700379,1,-16.0,0.0,650,392974.0
3240.0,-0.2031999999999948,643,3934.82,157.3928,0.1300042828063755,0,0.0,1.0,0,0.0,1.0,0,0.0,1.0,20,415.0,0.0,38,14610.0,0.0,0,0.0,1.0,32,23776.0,0.0,0,0.0,1.0,53,33200.0,0.0,48,39229.0,0.0181702789286066,0,0.0,1.0,73,59025.0,0.0,99,59252.0,0.0,111,63511.0,0.0,42,31239.0,0.0068560712333408,0,0.0,1.0,0,0.0,1.0,41,17395.0,0.0092110298284913,46,27133.0,0.0,40,24696.0,0.0098423015872938,0,0.0,1.0,0,0.0,1.0,0,0.0,1.0,0,1.0,0.8267657609991929,0,0.0,1.0,643,393482.0
3245.0,-0.1656000000000032,641,3938.960000000001,157.5584,0.1885100731781416,0,0.0,1.0,0,0.0,1.0,0,0.0,1.0,20,419.0,0.0,38,14662.0,0.0,0,0.0,1.0,32,23788.0,0.0,0,0.0,1.0,53,33242.0,0.0,49,39259.0,0.0,0,0.0,1.0,73,59134.0,0.0,99,59280.0,0.0095568967006443,111,63569.0,0.0,42,31260.0,0.0,0,0.0,1.0,0,0.0,1.0,38,17396.0,0.0259291467611761,46,27133.0,0.0,40,24753.0,0.0239403512067731,0,0.0,1.0,0,0.0,1.0,0,0.0,0.6807196375563362,0,1.0,0.7851635505276647,0,0.0,1.0,641,393896.0
3250.0,-0.1307999999999991,641,3942.23,157.68920000000003,0.2027576263043752,0,0.0,1.0,0,0.0,1.0,0,0.0,1.0,20,419.0,0.0,38,14708.0,0.0,0,0.0,1.0,32,23795.0,0.0,0,0.0,1.0,53,33285.0,0.0,49,39272.0,0.0,0,0.0,1.0,73,59228.0,0.0,99,59303.0,0.0082639259947945,111,63611.0,0.0,42,31266.0,0.0,0,0.0,1.0,0,0.0,1.0,38,17393.0,0.0082270632039394,46,27133.0,0.0,40,24825.0,0.0204766551509532,0,0.0,1.0,0,0.0,1.0,0,-5.0,0.7653873791828377,0,-10.0,0.7460061238183199,0,0.0,1.0,641,394223.0
3255.0,-0.1272000000000013,641,3945.41,157.8164,0.2327827555033219,0,0.0,1.0,0,0.0,1.0,0,0.0,1.0,20,422.0,0.0,38,14767.0,0.0,0,0.0,1.0,32,23796.0,0.0,0,0.0,1.0,53,33323.0,0.0,49,39276.0,0.0,0,0.0,1.0,73,59311.0,0.0,99,59314.0,0.0082478722012232,111,63658.0,0.0,42,31266.0,0.0,0,0.0,1.0,0,0.0,1.0,38,17393.0,0.0,46,27138.0,0.0,40,24914.0,0.0217869378724777,0,0.0,1.0,0,0.0,1.0,0,-12.0,0.879588273217251,0,-25.0,0.752859264327439,0,0.0,1.0,641,394541.0
3260.0,-0.1452000000000036,641,3949.04,157.9616,0.2062071205345998,0,0.0,1.0,0,0.0,1.0,0,0.0,1.0,20,446.0,0.0,38,14843.0,0.0,0,0.0,1.0,32,23811.0,0.0,0,0.0,1.0,53,33379.0,0.0,49,39276.0,0.0,0,0.0,1.0,73,59372.0,0.0,99,59319.0,0.0081933936389215,111,63713.0,0.0,42,31266.0,0.0,0,0.0,1.0,0,0.0,1.0,38,17393.0,0.0,46,27143.0,0.0,40,25003.0,0.0239861808181533,0,0.0,1.0,0,0.0,1.0,0,-20.0,0.8541463659602151,0,-40.0,0.7531074954723609,0,0.0,1.0,641,394904.0
3265.0,-0.1399999999999968,642,3952.54,158.10160000000002,0.1270837489708071,0,0.0,1.0,0,0.0,1.0,0,0.0,1.0,20,488.0,0.0,38,14909.0,0.0233925607773489,0,0.0,1.0,32,23829.0,0.0,0,0.0,1.0,53,33462.0,0.0,48,39280.0,0.0,0,0.0,1.0,73,59404.0,0.0,100,59321.0,2.7480432556451416e-05,111,63763.0,0.0,42,31266.0,0.0,0,0.0,1.0,0,0.0,1.0,38,17393.0,0.0,46,27148.0,0.0,40,25086.0,0.0002147196422471,0,0.0,1.0,0,0.0,1.0,0,-42.0,0.6600210560136783,1,-53.0,0.0852311078143361,0,0.0,1.0,642,395254.0
3270.0,-0.1187999999999994,647,3955.5099999999993,158.2204,0.0904320898117419,0,0.0,1.0,0,0.0,1.0,0,0.0,1.0,20,544.0,0.0,38,14949.0,0.0254704649460961,0,0.0,1.0,32,23831.0,0.0,0,0.0,1.0,53,33555.0,0.0,48,39280.0,0.0,0,0.0,1.0,73,59415.0,0.0,100,59323.0,8.261512744978827e-08,111,63798.0,0.0,42,31266.0,0.0,0,0.0,1.0,0,0.0,1.0,38,17393.0,0.0,46,27153.0,0.0,41,25162.0,0.0,0,0.0,1.0,0,0.0,1.0,2,-61.0,0.3683162325041614,3,-57.0,0.0001307194269261,0,0.0,1.0,647,395551.0
3275.0,-0.1244,641,3958.62,158.3448,0.087440026737993,0,0.0,1.0,0,0.0,1.0,0,0.0,1.0,20,607.0,0.0,38,14988.0,0.0222442355007038,0,0.0,1.0,32,23831.0,0.0,0,0.0,1.0,53,33643.0,0.0,48,39280.0,0.0,0,0.0,1.0,73,59416.0,0.0,96,59340.0,0.0043377410421674,111,63833.0,0.0079733386844765,42,31266.0,0.0,0,0.0,1.0,0,0.0,1.0,38,17393.0,0.0,46,27155.0,0.0,38,25230.0,0.0070153658753389,0,0.0,1.0,0,0.0,1.0,3,-63.0,0.0487814645961165,3,-57.0,0.0,0,0.0,1.0,641,395862.0
3280.0,-0.1488000000000008,643,3962.34,158.4936,0.1403745063034235,0,0.0,1.0,0,0.0,1.0,0,0.0,1.0,20,663.0,0.0,38,15047.0,0.0247419660015596,0,0.0,1.0,32,23831.0,0.0,0,0.0,1.0,53,33736.0,0.0,48,39280.0,0.0,0,0.0,1.0,73,59416.0,0.0,96,59360.0,0.0,111,63861.0,0.0226586681727746,42,31266.0,0.0,0,0.0,1.0,0,0.0,1.0,38,17393.0,0.0,46,27173.0,0.0,38,25319.0,0.0,0,0.0,1.0,0,0.0,1.0,5,-55.0,0.0001009569301212,3,-56.0,0.0,0,0.0,1.0,643,396234.0
3285.0,-0.1391999999999982,643,3965.82,158.63279999999995,0.14639718448822,0,0.0,1.0,0,0.0,1.0,0,0.0,1.0,20,707.0,0.0,38,15113.0,0.0211928647470527,0,0.0,1.0,32,23831.0,0.0,0,0.0,1.0,53,33816.0,0.0,48,39290.0,0.0,0,0.0,1.0,73,59416.0,0.0,96,59360.0,0.0,111,63887.0,0.0304030055677896,42,31266.0,0.0,0,0.0,1.0,0,0.0,1.0,38,17393.0,0.0,46,27199.0,0.0,38,25391.0,0.0,0,0.0,1.0,0,0.0,1.0,5,-45.0,0.0,3,-42.0,0.0,0,0.0,1.0,643,396582.0
3290.0,-0.1436000000000007,643,3969.41,158.77640000000002,0.1483463267759271,0,0.0,1.0,0,0.0,1.0,0,0.0,1.0,20,735.0,0.0,38,15173.0,0.0,0,0.0,1.0,32,23831.0,0.0,0,0.0,1.0,53,33888.0,0.0,48,39315.0,0.0,0,0.0,1.0,73,59416.0,0.0,96,59360.0,0.0,111,63933.0,0.0309152513668264,42,31266.0,0.0,0,0.0,1.0,0,0.0,1.0,38,17393.0,0.0,46,27222.0,0.0,38,25463.0,0.0,0,0.0,1.0,0,0.0,1.0,5,-27.0,0.0,3,-27.0,0.0,0,0.0,1.0,643,396941.0
3295.0,-0.1255999999999994,638,3972.5499999999993,158.90200000000002,0.195146069116235,0,0.0,1.0,0,0.0,1.0,0,0.0,1.0,20,746.0,0.0,38,15209.0,0.0,0,0.0,1.0,32,23831.0,0.0,0,0.0,1.0,53,33941.0,0.0,48,39353.0,0.0,0,0.0,1.0,73,59416.0,0.0,96,59360.0,0.0,111,63983.0,0.0315686682185048,42,31266.0,0.0,0,0.0,1.0,0,0.0,1.0,38,17393.0,0.0,46,27253.0,0.0,38,25519.0,0.0,0,0.0,1.0,0,0.0,1.0,0,-3.0,0.268011521149503,3,-12.0,0.2190152173577233,0,0.0,1.0,638,397255.0
3300.0,-0.1028000000000004,636,3975.12,159.00480000000002,0.2043233945071288,0,0.0,1.0,0,0.0,1.0,0,0.0,1.0,20,751.0,0.0,38,15234.0,0.0,0,0.0,1.0,32,23831.0,0.0,0,0.0,1.0,53,33980.0,0.0,48,39391.0,0.0,0,0.0,1.0,73,59416.0,0.0,96,59360.0,0.0,111,64039.0,0.0237061472102723,42,31266.0,0.0,0,0.0,1.0,0,0.0,1.0,38,17393.0,0.0,46,27289.0,0.0,38,25555.0,0.0,0,0.0,1.0,0,0.0,1.0,1,6.0,0.0254384699658252,0,-1.0,0.7755743511827785,0,2.0,0.8956824542581925,636,397512.0
3305.0,-0.0647999999999988,639,3976.7399999999993,159.06959999999998,0.1486734681393933,0,0.0,1.0,0,0.0,1.0,0,0.0,1.0,20,752.0,0.0,38,15261.0,0.0,0,0.0,1.0,32,23831.0,0.0,0,0.0,1.0,53,34002.0,0.0166468134947514,48,39414.0,0.0,0,0.0,1.0,73,59416.0,0.0,96,59360.0,0.0,113,64061.0,0.0032512230378152,42,31266.0,0.0,0,0.0,1.0,0,0.0,1.0,38,17393.0,0.0,46,27330.0,0.0,38,25570.0,0.0,0,0.0,1.0,0,0.0,1.0,2,14.0,5.872075417422304e-05,0,-1.0,0.8566374092166384,0,5.0,0.7178436248253477,639,397674.0
3310.0,-0.0528000000000025,640,3978.06,159.1224,0.1559053053113508,0,0.0,1.0,0,0.0,1.0,0,0.0,1.0,20,752.0,0.0,38,15307.0,0.0,0,0.0,1.0,32,23831.0,0.0,0,0.0,1.0,53,34010.0,0.0168619756606139,48,39423.0,0.0,0,0.0,1.0,73,59416.0,0.0,96,59360.0,0.0,114,64074.0,6.253680022343405e-06,42,31266.0,0.0,0,0.0,1.0,0,0.0,1.0,38,17393.0,0.0,46,27380.0,0.0,38,25584.0,0.0,0,0.0,1.0,0,0.0,1.0,2,24.0,0.0,0,-12.0,0.9287138620647358,0,-2.0,0.8642451095778821,640,397806.0
3315.0,-0.0559999999999976,640,3979.46,159.1784,0.12213289010231,0,0.0,1.0,0,0.0,1.0,0,0.0,1.0,20,767.0,0.0,38,15372.0,0.0,0,0.0,1.0,32,23831.0,0.0,0,0.0,1.0,53,34019.0,0.016500800339644,48,39423.0,0.0,0,0.0,1.0,73,59416.0,0.0,96,59360.0,0.0,114,64077.0,0.0,42,31266.0,0.0,0,0.0,1.0,0,0.0,1.0,38,17393.0,0.0,46,27436.0,0.0,38,25595.0,0.0,0,0.0,1.0,0,0.0,1.0,2,28.0,0.0,0,-15.0,0.77458130646491,0,-22.0,0.8200131717758494,640,397946.0
3320.0,-0.0728000000000017,640,3981.28,159.25119999999998,0.092602572361533,0,0.0,1.0,0,0.0,1.0,0,0.0,1.0,20,812.0,0.0,38,15451.0,0.0,0,0.0,1.0,32,23831.0,0.0,0,0.0,1.0,53,34023.0,0.016438831591667,48,39423.0,0.0,0,0.0,1.0,73,59416.0,0.0,96,59360.0,0.0,114,64077.0,0.0,42,31266.0,0.0,0,0.0,1.0,0,0.0,1.0,38,17393.0,0.0,46,27510.0,0.0,38,25605.0,0.0,0,0.0,1.0,0,0.0,1.0,2,28.0,0.0,0,-25.0,0.1948058396154017,0,-42.0,0.7740270230198509,640,398128.0
3325.0,-0.0827999999999986,639,3983.35,159.334,0.1203730404891315,0,0.0,1.0,0,0.0,1.0,0,0.0,1.0,20,882.0,0.0,38,15518.0,0.0,0,0.0,1.0,32,23831.0,0.0,0,0.0,1.0,53,34019.0,0.0402017600947712,48,39423.0,0.0,0,0.0,1.0,73,59416.0,0.0,96,59360.0,0.0,111,64089.0,0.0030034653539185,42,31266.0,0.0,0,0.0,1.0,0,0.0,1.0,38,17393.0,0.0,46,27590.0,0.0,38,25610.0,0.0,0,0.0,1.0,0,0.0,1.0,2,28.0,0.0,2,-28.0,0.0001547922261522,0,-62.0,0.8080648379143383,639,398335.0
3330.0,-0.083600000000002,640,3985.44,159.4176,0.0871409628834088,0,0.0,1.0,0,0.0,1.0,0,0.0,1.0,20,973.0,0.0,38,15587.0,0.0,0,0.0,1.0,32,23831.0,0.0,0,0.0,1.0,54,34001.0,0.0490641738866239,48,39423.0,0.0,0,0.0,1.0,73,59416.0,0.0,96,59360.0,0.0,111,64108.0,0.0,42,31266.0,0.0,0,0.0,1.0,0,0.0,1.0,38,17393.0,0.0,46,27657.0,0.0,38,25611.0,0.0,0,0.0,1.0,0,0.0,1.0,2,28.0,0.0,2,-28.0,0.0,0,-82.0,0.3276941851777096,640,398544.0
3335.0,-0.0764000000000009,642,3987.35,159.49400000000003,0.0745598657501252,0,0.0,1.0,0,0.0,1.0,0,0.0,1.0,20,1062.0,0.0,38,15646.0,0.0,0,0.0,1.0,32,23831.0,0.0,0,0.0,1.0,53,34004.0,0.0474066822142643,48,39418.0,0.01933015364783,0,0.0,1.0,73,59416.0,0.0,96,59360.0,0.0,111,64108.0,0.0,42,31266.0,0.0,0,0.0,1.0,0,0.0,1.0,38,17399.0,0.0,46,27707.0,0.0,38,25611.0,0.0,0,0.0,1.0,0,0.0,1.0,2,28.0,0.0,2,-28.0,0.0,3,-93.0,0.0163497971095853,642,398735.0
3340.0,-0.0716000000000005,643,3989.14,159.5656,0.071818126479022,0,0.0,1.0,0,0.0,1.0,0,0.0,1.0,20,1134.0,0.0,38,15699.0,0.0,0,0.0,1.0,32,23831.0,0.0,0,0.0,1.0,53,33998.0,0.0477735815257034,48,39416.0,0.0176744968875331,0,0.0,1.0,73,59416.0,0.0,96,59360.0,0.0,111,64108.0,0.0,42,31266.0,0.0,0,0.0,1.0,0,0.0,1.0,38,17424.0,0.0,46,27745.0,0.0,38,25611.0,0.0,0,0.0,1.0,0,0.0,1.0,2,28.0,0.0,2,-28.0,0.0,4,-94.0,0.0001348416209144,643,398914.0
3345.0,-0.0735999999999974,643,3990.98,159.6392,0.0727414892166856,0,0.0,1.0,0,0.0,1.0,0,0.0,1.0,20,1195.0,0.0,38,15744.0,0.0,0,0.0,1.0,32,23831.0,0.0,0,0.0,1.0,53,33993.0,0.0485132009232028,48,39421.0,0.0177622754000951,0,0.0,1.0,73,59416.0,0.0,96,59360.0,0.0,111,64108.0,0.0,42,31266.0,0.0,0,0.0,1.0,0,0.0,1.0,38,17456.0,0.0,46,27775.0,0.0,38,25611.0,0.0,0,0.0,1.0,0,0.0,1.0,2,31.0,0.0,2,-20.0,0.0,4,-89.0,0.0,643,399098.0
3350.0,-0.0844000000000023,643,3993.09,159.72360000000003,0.0553133449620713,0,0.0,1.0,0,0.0,1.0,0,0.0,1.0,20,1241.0,0.0,38,15791.0,0.0,0,0.0,1.0,32,23831.0,0.0,0,0.0,1.0,53,34018.0,0.0195425294067864,48,39424.0,0.0329951145190243,0,0.0,1.0,73,59416.0,0.0,96,59360.0,0.0,111,64108.0,0.0,42,31266.0,0.0,0,0.0,1.0,0,0.0,1.0,38,17493.0,0.0,46,27791.0,0.0,38,25611.0,0.0,0,0.0,1.0,0,0.0,1.0,2,41.0,0.0,2,-10.0,3.6799518097616142e-06,4,-72.0,0.0,643,399309.0
3355.0,-0.0411999999999991,643,3994.12,159.7648,0.0645325839556755,0,0.0,1.0,0,0.0,1.0,0,0.0,1.0,20,1271.0,0.0,38,15814.0,0.0,0,0.0,1.0,32,23831.0,0.0,0,0.0,1.0,55,34022.0,4.8137125444213566e-05,48,39425.0,0.0362122875205815,0,0.0,1.0,73,59416.0,0.0,96,59360.0,0.0,111,64108.0,0.0,42,31266.0,0.0,0,0.0,1.0,0,0.0,1.0,38,17540.0,0.0,46,27806.0,0.0,38,25611.0,0.0,0,0.0,1.0,0,0.0,1.0,0,0.0,1.0,2,-6.0,0.2732789918101052,4,-52.0,0.0,643,399412.0
3360.0,-0.0608000000000001,638,3995.64,159.8256,0.1284978119904254,0,0.0,1.0,0,0.0,1.0,0,0.0,1.0,20,1288.0,0.0,38,15832.0,0.0,0,0.0,1.0,32,23831.0,0.0,0,0.0,1.0,55,34032.0,0.0,48,39443.0,0.0198703302034948,0,0.0,1.0,73,59416.0,0.0,96,59360.0,0.0,111,64108.0,0.0,42,31266.0,0.0,0,0.0,1.0,0,0.0,1.0,38,17596.0,0.0,46,27816.0,0.0,38,25611.0,0.0,0,0.0,1.0,0,0.0,1.0,0,0.0,1.0,0,-18.0,0.6551164558745274,1,-17.0,0.3265552615248107,638,399564.0
3365.0,-0.0491999999999999,638,3996.87,159.87480000000002,0.1531547751838791,0,0.0,1.0,0,0.0,1.0,0,0.0,1.0,20,1289.0,0.0,38,15874.0,0.0,0,0.0,1.0,32,23831.0,0.0,0,0.0,1.0,55,34042.0,0.0,48,39443.0,0.0175637555155112,0,0.0,1.0,73,59416.0,0.0,96,59360.0,0.0,111,64108.0,0.0,42,31266.0,0.0,0,0.0,1.0,0,0.0,1.0,38,17653.0,0.0,46,27825.0,0.0,38,25612.0,0.0238328965886861,0,0.0,1.0,0,0.0,1.0,0,0.0,1.0,0,-17.0,0.8387962171301917,1,-15.0,0.4546458190031132,638,399687.0
3370.0,-0.0483999999999988,639,3998.08,159.92319999999998,0.1454139797389946,0,0.0,1.0,0,0.0,1.0,0,0.0,1.0,20,1290.0,0.0,38,15934.0,0.0,0,0.0,1.0,32,23831.0,0.0,0,0.0,1.0,55,34049.0,0.0,48,39439.0,0.019107349477217,0,0.0,1.0,73,59416.0,0.0,96,59360.0,0.0,111,64108.0,0.0,42,31266.0,0.0,0,0.0,1.0,0,0.0,1.0,38,17713.0,0.0,46,27829.0,0.0,38,25607.0,0.0212694448227255,0,0.0,1.0,0,0.0,1.0,0,0.0,1.0,0,-19.0,0.8816590087054539,2,-15.0,0.4067956048314703,639,399808.0
3375.0,-0.0555999999999993,639,3999.47,159.97879999999998,0.144276935123933,0,0.0,1.0,0,0.0,1.0,0,0.0,1.0,20,1314.0,0.0,38,15987.0,0.0,0,0.0,1.0,32,23831.0,0.0,0,0.0,1.0,55,34049.0,0.0,48,39448.0,0.0,0,0.0,1.0,73,59416.0,0.0,96,59360.0,0.0,111,64108.0,0.0,42,31266.0,0.0,0,0.0,1.0,0,0.0,1.0,38,17778.0,0.0,46,27840.0,0.0,38,25602.0,0.0255602086857924,0,0.0,1.0,0,0.0,1.0,0,0.0,1.0,0,-29.0,0.8202857475856586,2,-23.0,0.4129176626148446,639,399947.0
3380.0,-0.0608000000000025,640,4000.9899999999993,160.0396,0.1160816111046222,0,0.0,1.0,0,0.0,1.0,0,0.0,1.0,20,1367.0,0.0,38,16033.0,0.0,0,0.0,1.0,32,23831.0,0.0,0,0.0,1.0,55,34049.0,0.0,48,39448.0,0.0,0,0.0,1.0,73,59416.0,0.0,96,59375.0,0.0,111,64108.0,0.0,42,31266.0,0.0,0,0.0,1.0,0,0.0,1.0,38,17833.0,0.0,46,27847.0,0.0,38,25597.0,0.0244833869873447,0,0.0,1.0,0,0.0,1.0,0,0.0,1.0,1,-38.0,0.0300991220720693,2,-33.0,0.4387974307593068,640,400099.0
3385.0,-0.0731999999999949,639,4002.8199999999993,160.1128,0.0836794086844875,0,0.0,1.0,0,0.0,1.0,0,0.0,1.0,20,1440.0,0.0,38,16085.0,0.0,0,0.0,1.0,32,23831.0,0.0,0,0.0,1.0,55,34049.0,0.0,48,39448.0,0.0,0,0.0,1.0,73,59416.0,0.0,96,59405.0,0.0,111,64108.0,0.0,42,31266.0,0.0,0,0.0,1.0,0,0.0,1.0,38,17870.0,0.0,46,27852.0,0.0,38,25587.0,0.0255720947641917,0,0.0,1.0,0,0.0,1.0,0,0.0,1.0,2,-38.0,1.268424007497218e-05,0,-37.0,0.0787733064363952,639,400282.0
3390.0,-0.0720000000000025,642,4004.62,160.1848,0.0379805233950783,0,0.0,1.0,0,0.0,1.0,0,0.0,1.0,20,1514.0,0.0,38,16144.0,0.0,0,0.0,1.0,32,23831.0,0.0,0,0.0,1.0,55,34049.0,0.0,48,39448.0,0.0,0,0.0,1.0,73,59416.0,0.0,96,59441.0,0.0,111,64108.0,0.0,42,31266.0,0.0,0,0.0,1.0,0,0.0,1.0,38,17894.0,0.0,46,27854.0,0.0,39,25581.0,0.0206826709929424,0,0.0,1.0,0,0.0,1.0,0,0.0,1.0,2,-38.0,0.0,2,-46.0,0.006303401486498,642,400462.0
3395.0,-0.0652000000000035,640,4006.25,160.25000000000003,0.0816577906029832,0,0.0,1.0,0,0.0,1.0,0,0.0,1.0,20,1571.0,0.0,38,16193.0,0.0,0,0.0,1.0,32,23831.0,0.0,0,0.0,1.0,53,34047.0,0.0,48,39443.0,0.0184712101657097,0,0.0,1.0,73,59416.0,0.0,96,59483.0,0.0,111,64108.0,0.0,42,31266.0,0.0,0,0.0,1.0,0,0.0,1.0,38,17900.0,0.0,46,27855.0,0.0,38,25596.0,0.022874979964449,0,0.0,1.0,0,0.0,1.0,0,0.0,1.0,2,-38.0,0.0,3,-46.0,6.918300307376783e-06,640,400625.0
3400.0,-0.0467999999999981,640,4007.42,160.2968,0.0753113754379361,0,0.0,1.0,0,0.0,1.0,0,0.0,1.0,20,1624.0,0.0,38,16227.0,0.0,0,0.0,1.0,32,23831.0,0.0,0,0.0,1.0,53,34047.0,0.0,48,39429.0,0.0358354358559016,0,0.0,1.0,73,59416.0,0.0,96,59526.0,0.0,111,64108.0,0.0,42,31266.0,0.0,0,0.0,1.0,0,0.0,1.0,38,17900.0,0.0,46,27855.0,0.0,38,25591.0,0.0219989754494939,0,0.0,1.0,0,0.0,1.0,0,0.0,1.0,2,-35.0,0.0,3,-43.0,0.0,640,400742.0
3405.0,-0.047199999999999,640,4008.6,160.34399999999997,0.0720195896460871,0,0.0,1.0,0,0.0,1.0,0,0.0,1.0,20,1668.0,0.0,38,16275.0,0.0,0,0.0,1.0,32,23831.0,0.0,0,0.0,1.0,53,34047.0,0.0,48,39419.0,0.0347772411038146,0,0.0,1.0,73,59416.0,0.0,96,59552.0,0.0,111,64108.0,0.0,42,31266.0,0.0,0,0.0,1.0,0,0.0,1.0,38,17900.0,0.0,46,27855.0,0.0,38,25586.0,0.0215274711582796,0,0.0,1.0,0,0.0,1.0,0,0.0,1.0,2,-25.0,0.0,3,-38.0,0.0,640,400860.0
3410.0,-0.0484000000000006,640,4009.81,160.3924,0.0740001668274795,0,0.0,1.0,0,0.0,1.0,0,0.0,1.0,20,1707.0,0.0,38,16319.0,0.0,0,0.0,1.0,32,23831.0,0.0,0,0.0,1.0,53,34047.0,0.0,48,39409.0,0.0348764159846586,0,0.0,1.0,73,59416.0,0.0,96,59560.0,0.0,111,64108.0,0.0,42,31266.0,0.0,0,0.0,1.0,0,0.0,1.0,38,17900.0,0.0,46,27855.0,0.0,38,25611.0,0.0,0,0.0,1.0,0,0.0,1.0,0,0.0,1.0,2,-15.0,0.0,3,-33.0,0.0,640,400981.0
3415.0,-0.0276000000000013,640,4010.5,160.42,0.0731033274957861,0,0.0,1.0,0,0.0,1.0,0,0.0,1.0,20,1730.0,0.0,38,16366.0,0.0,0,0.0,1.0,32,23831.0,0.0,0,0.0,1.0,53,34047.0,0.0,48,39399.0,0.0336570195815397,0,0.0,1.0,73,59416.0,0.0,96,59560.0,0.0,111,64108.0,0.0,42,31266.0,0.0,0,0.0,1.0,0,0.0,1.0,38,17900.0,0.0,46,27855.0,0.0,38,25611.0,0.0,0,0.0,1.0,0,0.0,1.0,0,0.0,1.0,2,-6.0,0.0,3,-33.0,0.0,640,401050.0
3420.0,-0.0383999999999995,635,4011.46,160.4584,0.111097681291926,0,0.0,1.0,0,0.0,1.0,0,0.0,1.0,20,1742.0,0.0,38,16410.0,0.0,0,0.0,1.0,32,23831.0,0.0,0,0.0,1.0,53,34047.0,0.0,48,39419.0,0.0195148115687532,0,0.0,1.0,73,59416.0,0.0,96,59560.0,0.0,111,64108.0,0.0,42,31266.0,0.0,0,0.0,1.0,0,0.0,1.0,38,17900.0,0.0,46,27855.0,0.0,38,25611.0,0.0,0,0.0,1.0,0,0.0,1.0,0,0.0,1.0,0,-2.0,0.2981115840130555,0,-17.0,0.5068621218310639,635,401146.0
3425.0,-0.0092000000000015,636,4011.69,160.4676,0.1132259846526442,0,0.0,1.0,0,0.0,1.0,0,0.0,1.0,20,1745.0,0.0,38,16453.0,0.0,0,0.0,1.0,32,23831.0,0.0,0,0.0,1.0,53,34047.0,0.0,49,39416.0,5.347206709963825e-06,0,0.0,1.0,73,59416.0,0.0,96,59560.0,0.0,111,64108.0,0.0,42,31266.0,0.0,0,0.0,1.0,0,0.0,1.0,38,17900.0,0.0,46,27855.0,0.0,38,25604.0,0.0241301406039715,0,0.0,1.0,0,0.0,1.0,0,0.0,1.0,0,0.0,1.0,0,-32.0,0.526659683709998,636,401169.0
3430.0,-0.0167999999999998,637,4012.11,160.48440000000002,0.1142489994001948,0,0.0,1.0,0,0.0,1.0,0,0.0,1.0,20,1756.0,0.0,38,16499.0,0.0,0,0.0,1.0,32,23831.0,0.0,0,0.0,1.0,53,34047.0,0.0,49,39416.0,0.0,0,0.0,1.0,73,59416.0,0.0,96,59560.0,0.0,111,64108.0,0.0,42,31266.0,0.0,0,0.0,1.0,0,0.0,1.0,38,17900.0,0.0,46,27855.0,0.0,38,25599.0,0.0253798229482688,0,0.0,1.0,0,0.0,1.0,0,0.0,1.0,0,0.0,1.0,1,-42.0,0.5615579977054033,637,401211.0
3435.0,-0.0319999999999992,637,4012.91,160.5164,0.0944635655068615,0,0.0,1.0,0,0.0,1.0,0,0.0,1.0,20,1800.0,0.0,38,16550.0,0.0,0,0.0,1.0,32,23831.0,0.0,0,0.0,1.0,53,34047.0,0.0,49,39416.0,0.0,0,0.0,1.0,73,59416.0,0.0,96,59560.0,0.0,111,64108.0,0.0,42,31266.0,0.0,0,0.0,1.0,0,0.0,1.0,38,17900.0,0.0,46,27855.0,0.0,38,25594.0,0.0215911331561998,0,0.0,1.0,0,0.0,1.0,0,0.0,1.0,0,0.0,1.0,1,-52.0,0.5947830439599057,637,401291.0
3440.0,-0.0472,637,4014.09,160.5636,0.0984907069467392,0,0.0,1.0,0,0.0,1.0,0,0.0,1.0,20,1878.0,0.0,38,16605.0,0.0,0,0.0,1.0,32,23831.0,0.0,0,0.0,1.0,53,34047.0,0.0,49,39416.0,0.0,0,0.0,1.0,73,59416.0,0.0,96,59560.0,0.0,111,64108.0,0.0,42,31266.0,0.0,0,0.0,1.0,0,0.0,1.0,38,17900.0,0.0,46,27855.0,0.0,38,25589.0,0.0226926252845762,0,0.0,1.0,0,0.0,1.0,0,0.0,1.0,0,0.0,1.0,1,-62.0,0.6052069449647833,637,401409.0
3445.0,-0.0667999999999999,635,4015.76,160.63039999999998,0.0928710607857561,0,0.0,1.0,0,0.0,1.0,0,0.0,1.0,20,1967.0,0.0,38,16652.0,0.0226165563671533,0,0.0,1.0,32,23831.0,0.0,0,0.0,1.0,53,34047.0,0.0,48,39448.0,0.0,0,0.0,1.0,73,59416.0,0.0,96,59560.0,0.0,111,64108.0,0.0,42,31266.0,0.0,0,0.0,1.0,0,0.0,1.0,38,17900.0,0.0,46,27855.0,0.0,38,25579.0,0.0440143930142009,0,0.0,1.0,0,0.0,1.0,0,0.0,1.0,0,0.0,1.0,0,-53.0,0.3438744045432672,635,401576.0
3450.0,-0.0456,638,4016.9,160.67600000000002,0.0431344774846362,0,0.0,1.0,0,0.0,1.0,0,0.0,1.0,20,2055.0,0.0,38,16691.0,0.025118207893144,0,0.0,1.0,32,23831.0,0.0,0,0.0,1.0,53,34047.0,0.0,48,39448.0,0.0,0,0.0,1.0,73,59416.0,0.0,96,59560.0,0.0,111,64108.0,0.0,42,31266.0,0.0,0,0.0,1.0,0,0.0,1.0,38,17900.0,0.0,46,27855.0,0.0,39,25571.0,0.0227461017603588,0,0.0,1.0,0,0.0,1.0,0,0.0,1.0,0,0.0,1.0,2,-58.0,0.0003323864990384,638,401690.0
3455.0,-0.0559999999999996,637,4018.3,160.732,0.0609248273057973,0,0.0,1.0,0,0.0,1.0,0,0.0,1.0,20,2144.0,0.0,38,16717.0,0.0226834961129625,0,0.0,1.0,32,23831.0,0.0,0,0.0,1.0,53,34047.0,0.0,48,39448.0,0.0,0,0.0,1.0,73,59416.0,0.0,96,59560.0,0.0,111,64108.0,0.0,42,31266.0,0.0,0,0.0,1.0,0,0.0,1.0,38,17900.0,0.0,46,27855.0,0.0,38,25596.0,0.0255103630181697,0,0.0,1.0,0,0.0,1.0,0,0.0,1.0,0,0.0,1.0,2,-58.0,0.0,637,401830.0
3460.0,-0.0332000000000003,637,4019.13,160.7652,0.059883416427482,0,0.0,1.0,0,0.0,1.0,0,0.0,1.0,20,2222.0,0.0,38,16727.0,0.0208005108218088,0,0.0,1.0,32,23831.0,0.0,0,0.0,1.0,53,34047.0,0.0,48,39448.0,0.0,0,0.0,1.0,73,59416.0,0.0,96,59560.0,0.0,111,64108.0,0.0,42,31266.0,0.0,0,0.0,1.0,0,0.0,1.0,38,17900.0,0.0,46,27855.0,0.0,38,25591.0,0.0244254966395831,0,0.0,1.0,0,0.0,1.0,0,0.0,1.0,0,0.0,1.0,2,-58.0,0.0,637,401913.0
3465.0,-0.0400000000000005,637,4020.13,160.8052,0.0575113327012517,0,0.0,1.0,0,0.0,1.0,0,0.0,1.0,20,2283.0,0.0,38,16746.0,0.0250132701663795,0,0.0,1.0,32,23831.0,0.0,0,0.0,1.0,53,34047.0,0.0,48,39448.0,0.0,0,0.0,1.0,73,59416.0,0.0,96,59560.0,0.0,111,64108.0,0.0,42,31266.0,0.0,0,0.0,1.0,0,0.0,1.0,38,17900.0,0.0,46,27855.0,0.0,38,25611.0,0.0,0,0.0,1.0,0,0.0,1.0,0,0.0,1.0,0,0.0,1.0,2,-58.0,0.0,637,402013.0
3470.0,-0.0279999999999994,638,4020.83,160.8332,0.0450046804648177,0,0.0,1.0,0,0.0,1.0,0,0.0,1.0,20,2326.0,0.0,39,16773.0,7.594650555237257e-05,0,0.0,1.0,32,23831.0,0.0,0,0.0,1.0,53,34047.0,0.0,48,39448.0,0.0,0,0.0,1.0,73,59416.0,0.0,96,59560.0,0.0,111,64108.0,0.0,42,31266.0,0.0,0,0.0,1.0,0,0.0,1.0,38,17900.0,0.0,46,27855.0,0.0,38,25611.0,0.0,0,0.0,1.0,0,0.0,1.0,0,0.0,1.0,0,0.0,1.0,2,-58.0,0.0,638,402083.0
3475.0,-0.0312000000000001,638,4021.61,160.86440000000002,0.0430584923995802,0,0.0,1.0,0,0.0,1.0,0,0.0,1.0,20,2358.0,0.0,39,16819.0,0.0,0,0.0,1.0,32,23831.0,0.0,0,0.0,1.0,53,34047.0,0.0,48,39448.0,0.0,0,0.0,1.0,73,59416.0,0.0,96,59560.0,0.0,111,64108.0,0.0,42,31266.0,0.0,0,0.0,1.0,0,0.0,1.0,38,17900.0,0.0,46,27855.0,0.0,38,25611.0,0.0,0,0.0,1.0,0,0.0,1.0,0,0.0,1.0,0,0.0,1.0,2,-58.0,0.0,638,402161.0
3480.0,-0.0476000000000006,636,4022.8,160.912,0.0509164451315928,0,0.0,1.0,0,0.0,1.0,0,0.0,1.0,20,2377.0,0.0,39,16861.0,0.0,0,0.0,1.0,32,23831.0,0.0,0,0.0,1.0,53,34047.0,0.0,48,39448.0,0.0,0,0.0,1.0,73,59416.0,0.0,96,59560.0,0.0,111,64108.0,0.0,42,31266.0,0.0,0,0.0,1.0,0,0.0,1.0,38,17900.0,0.0,46,27855.0,0.0,38,25611.0,0.0,0,0.0,1.0,0,0.0,1.0,0,0.0,1.0,0,0.0,1.0,0,0.0,1.0,636,402280.0
3485.0,-0.0235999999999998,636,4023.39,160.93560000000002,0.0365480684157224,0,0.0,1.0,0,0.0,1.0,0,0.0,1.0,20,2398.0,0.0,39,16899.0,0.0,0,0.0,1.0,32,23831.0,0.0,0,0.0,1.0,53,34047.0,0.0,48,39448.0,0.0,0,0.0,1.0,73,59416.0,0.0,96,59560.0,0.0,111,64108.0,0.0,42,31266.0,0.0,0,0.0,1.0,0,0.0,1.0,38,17900.0,0.0,46,27855.0,0.0,38,25611.0,0.0,0,0.0,1.0,0,0.0,1.0,0,0.0,1.0,0,0.0,1.0,0,0.0,1.0,636,402339.0
3490.0,-0.0323999999999992,636,4024.2,160.968,0.0353218635508273,0,0.0,1.0,0,0.0,1.0,0,0.0,1.0,20,2430.0,0.0,39,16948.0,0.0,0,0.0,1.0,32,23831.0,0.0,0,0.0,1.0,53,34047.0,0.0,48,39448.0,0.0,0,0.0,1.0,73,59416.0,0.0,96,59560.0,0.0,111,64108.0,0.0,42,31266.0,0.0,0,0.0,1.0,0,0.0,1.0,38,17900.0,0.0,46,27855.0,0.0,38,25611.0,0.0,0,0.0,1.0,0,0.0,1.0,0,0.0,1.0,0,0.0,1.0,0,0.0,1.0,636,402420.0
3495.0,-0.0480000000000001,636,4025.4,161.016,0.0407342708236108,0,0.0,1.0,0,0.0,1.0,0,0.0,1.0,20,2494.0,0.0,39,17004.0,0.0,0,0.0,1.0,32,23831.0,0.0,0,0.0,1.0,53,34047.0,0.0,48,39448.0,0.0,0,0.0,1.0,73,59416.0,0.0,96,59560.0,0.0,111,64108.0,0.0,42,31266.0,0.0,0,0.0,1.0,0,0.0,1.0,38,17900.0,0.0,46,27855.0,0.0,38,25611.0,0.0,0,0.0,1.0,0,0.0,1.0,0,0.0,1.0,0,0.0,1.0,0,0.0,1.0,636,402540.0
3500.0,-0.0551999999999999,636,4026.78,161.07119999999998,0.0351955315504617,0,0.0,1.0,0,0.0,1.0,0,0.0,1.0,20,2585.0,0.0,39,17051.0,0.0,0,0.0,1.0,32,23831.0,0.0,0,0.0,1.0,53,34047.0,0.0,48,39448.0,0.0,0,0.0,1.0,73,59416.0,0.0,96,59560.0,0.0,111,64108.0,0.0,42,31266.0,0.0,0,0.0,1.0,0,0.0,1.0,38,17900.0,0.0,46,27855.0,0.0,38,25611.0,0.0,0,0.0,1.0,0,0.0,1.0,0,0.0,1.0,0,0.0,1.0,0,0.0,1.0,636,402678.0
3505.0,-0.0520000000000004,636,4028.08,161.1232,0.0208812023807638,0,0.0,1.0,0,0.0,1.0,0,0.0,1.0,20,2682.0,0.0,39,17084.0,0.0,0,0.0,1.0,32,23831.0,0.0,0,0.0,1.0,53,34047.0,0.0,48,39448.0,0.0,0,0.0,1.0,73,59416.0,0.0,96,59560.0,0.0,111,64108.0,0.0,42,31266.0,0.0,0,0.0,1.0,0,0.0,1.0,38,17900.0,0.0,46,27855.0,0.0,38,25611.0,0.0,0,0.0,1.0,0,0.0,1.0,0,0.0,1.0,0,0.0,1.0,0,0.0,1.0,636,402808.0
3510.0,-0.0504000000000003,636,4029.34,161.1736,0.0,0,0.0,1.0,0,0.0,1.0,0,0.0,1.0,20,2781.0,0.0,39,17111.0,0.0,0,0.0,1.0,32,23831.0,0.0,0,0.0,1.0,53,34047.0,0.0,48,39448.0,0.0,0,0.0,1.0,73,59416.0,0.0,96,59560.0,0.0,111,64108.0,0.0,42,31266.0,0.0,0,0.0,1.0,0,0.0,1.0,38,17900.0,0.0,46,27855.0,0.0,38,25611.0,0.0,0,0.0,1.0,0,0.0,1.0,0,0.0,1.0,0,0.0,1.0,0,0.0,1.0,636,402934.0
3515.0,-0.0443999999999989,635,4030.45,161.21800000000002,0.0160199834342208,0,0.0,1.0,0,0.0,1.0,0,0.0,1.0,20,2858.0,0.0,38,17145.0,0.0,0,0.0,1.0,32,23831.0,0.0,0,0.0,1.0,53,34047.0,0.0,48,39448.0,0.0,0,0.0,1.0,73,59416.0,0.0,96,59560.0,0.0,111,64108.0,0.0,42,31266.0,0.0,0,0.0,1.0,0,0.0,1.0,38,17900.0,0.0,46,27855.0,0.0,38,25611.0,0.0,0,0.0,1.0,0,0.0,1.0,0,0.0,1.0,0,0.0,1.0,0,0.0,1.0,635,403045.0
3520.0,-0.0308000000000004,635,4031.22,161.24880000000002,0.0189762281525257,0,0.0,1.0,0,0.0,1.0,0,0.0,1.0,20,2914.0,0.0,38,17166.0,0.0,0,0.0,1.0,32,23831.0,0.0,0,0.0,1.0,53,34047.0,0.0,48,39448.0,0.0,0,0.0,1.0,73,59416.0,0.0,96,59560.0,0.0,111,64108.0,0.0,42,31266.0,0.0,0,0.0,1.0,0,0.0,1.0,38,17900.0,0.0,46,27855.0,0.0,38,25611.0,0.0,0,0.0,1.0,0,0.0,1.0,0,0.0,1.0,0,0.0,1.0,0,0.0,1.0,635,403122.0
3525.0,-0.0331999999999997,635,4032.05,161.282,0.0180967152632355,0,0.0,1.0,0,0.0,1.0,0,0.0,1.0,20,2959.0,0.0,38,17204.0,0.0,0,0.0,1.0,32,23831.0,0.0,0,0.0,1.0,53,34047.0,0.0,48,39448.0,0.0,0,0.0,1.0,73,59416.0,0.0,96,59560.0,0.0,111,64108.0,0.0,42,31266.0,0.0,0,0.0,1.0,0,0.0,1.0,38,17900.0,0.0,46,27855.0,0.0,38,25611.0,0.0,0,0.0,1.0,0,0.0,1.0,0,0.0,1.0,0,0.0,1.0,0,0.0,1.0,635,403205.0
3530.0,-0.0255999999999998,635,4032.69,161.30759999999998,0.0198986041135612,0,0.0,1.0,0,0.0,1.0,0,0.0,1.0,20,2985.0,0.0,38,17242.0,0.0,0,0.0,1.0,32,23831.0,0.0,0,0.0,1.0,53,34047.0,0.0,48,39448.0,0.0,0,0.0,1.0,73,59416.0,0.0,96,59560.0,0.0,111,64108.0,0.0,42,31266.0,0.0,0,0.0,1.0,0,0.0,1.0,38,17900.0,0.0,46,27855.0,0.0,38,25611.0,0.0,0,0.0,1.0,0,0.0,1.0,0,0.0,1.0,0,0.0,1.0,0,0.0,1.0,635,403269.0
3535.0,-0.0216000000000006,635,4033.23,161.3292,0.0194254691007896,0,0.0,1.0,0,0.0,1.0,0,0.0,1.0,20,3013.0,0.0,38,17268.0,0.0,0,0.0,1.0,32,23831.0,0.0,0,0.0,1.0,53,34047.0,0.0,48,39448.0,0.0,0,0.0,1.0,73,59416.0,0.0,96,59560.0,0.0,111,64108.0,0.0,42,31266.0,0.0,0,0.0,1.0,0,0.0,1.0,38,17900.0,0.0,46,27855.0,0.0,38,25611.0,0.0,0,0.0,1.0,0,0.0,1.0,0,0.0,1.0,0,0.0,1.0,0,0.0,1.0,635,403323.0
3540.0,-0.0192000000000003,635,4033.71,161.3484,0.0,0,0.0,1.0,0,0.0,1.0,0,0.0,1.0,20,3046.0,0.0,38,17283.0,0.0,0,0.0,1.0,32,23831.0,0.0,0,0.0,1.0,53,34047.0,0.0,48,39448.0,0.0,0,0.0,1.0,73,59416.0,0.0,96,59560.0,0.0,111,64108.0,0.0,42,31266.0,0.0,0,0.0,1.0,0,0.0,1.0,38,17900.0,0.0,46,27855.0,0.0,38,25611.0,0.0,0,0.0,1.0,0,0.0,1.0,0,0.0,1.0,0,0.0,1.0,0,0.0,1.0,635,403371.0
3545.0,-0.0207999999999998,635,4034.23,161.3692,0.0,0,0.0,1.0,0,0.0,1.0,0,0.0,1.0,20,3079.0,0.0,38,17302.0,0.0,0,0.0,1.0,32,23831.0,0.0,0,0.0,1.0,53,34047.0,0.0,48,39448.0,0.0,0,0.0,1.0,73,59416.0,0.0,96,59560.0,0.0,111,64108.0,0.0,42,31266.0,0.0,0,0.0,1.0,0,0.0,1.0,38,17900.0,0.0,46,27855.0,0.0,38,25611.0,0.0,0,0.0,1.0,0,0.0,1.0,0,0.0,1.0,0,0.0,1.0,0,0.0,1.0,635,403423.0
3550.0,-0.0303999999999999,635,4034.99,161.3996,0.0,0,0.0,1.0,0,0.0,1.0,0,0.0,1.0,20,3114.0,0.0,38,17343.0,0.0,0,0.0,1.0,32,23831.0,0.0,0,0.0,1.0,53,34047.0,0.0,48,39448.0,0.0,0,0.0,1.0,73,59416.0,0.0,96,59560.0,0.0,111,64108.0,0.0,42,31266.0,0.0,0,0.0,1.0,0,0.0,1.0,38,17900.0,0.0,46,27855.0,0.0,38,25611.0,0.0,0,0.0,1.0,0,0.0,1.0,0,0.0,1.0,0,0.0,1.0,0,0.0,1.0,635,403499.0
3555.0,-0.0447999999999993,635,4036.11,161.4444,0.0,0,0.0,1.0,0,0.0,1.0,0,0.0,1.0,20,3171.0,0.0,38,17398.0,0.0,0,0.0,1.0,32,23831.0,0.0,0,0.0,1.0,53,34047.0,0.0,48,39448.0,0.0,0,0.0,1.0,73,59416.0,0.0,96,59560.0,0.0,111,64108.0,0.0,42,31266.0,0.0,0,0.0,1.0,0,0.0,1.0,38,17900.0,0.0,46,27855.0,0.0,38,25611.0,0.0,0,0.0,1.0,0,0.0,1.0,0,0.0,1.0,0,0.0,1.0,0,0.0,1.0,635,403611.0
3560.0,-0.0436000000000007,635,4037.2,161.488,0.0,0,0.0,1.0,0,0.0,1.0,0,0.0,1.0,20,3238.0,0.0,38,17440.0,0.0,0,0.0,1.0,32,23831.0,0.0,0,0.0,1.0,53,34047.0,0.0,48,39448.0,0.0,0,0.0,1.0,73,59416.0,0.0,96,59560.0,0.0,111,64108.0,0.0,42,31266.0,0.0,0,0.0,1.0,0,0.0,1.0,38,17900.0,0.0,46,27855.0,0.0,38,25611.0,0.0,0,0.0,1.0,0,0.0,1.0,0,0.0,1.0,0,0.0,1.0,0,0.0,1.0,635,403720.0
3565.0,-0.0411999999999991,635,4038.23,161.52920000000003,0.0,0,0.0,1.0,0,0.0,1.0,0,0.0,1.0,20,3308.0,0.0,38,17473.0,0.0,0,0.0,1.0,32,23831.0,0.0,0,0.0,1.0,53,34047.0,0.0,48,39448.0,0.0,0,0.0,1.0,73,59416.0,0.0,96,59560.0,0.0,111,64108.0,0.0,42,31266.0,0.0,0,0.0,1.0,0,0.0,1.0,38,17900.0,0.0,46,27855.0,0.0,38,25611.0,0.0,0,0.0,1.0,0,0.0,1.0,0,0.0,1.0,0,0.0,1.0,0,0.0,1.0,635,403823.0
3570.0,-0.0372000000000005,635,4039.16,161.5664,0.0,0,0.0,1.0,0,0.0,1.0,0,0.0,1.0,20,3371.0,0.0,38,17503.0,0.0,0,0.0,1.0,32,23831.0,0.0,0,0.0,1.0,53,34047.0,0.0,48,39448.0,0.0,0,0.0,1.0,73,59416.0,0.0,96,59560.0,0.0,111,64108.0,0.0,42,31266.0,0.0,0,0.0,1.0,0,0.0,1.0,38,17900.0,0.0,46,27855.0,0.0,38,25611.0,0.0,0,0.0,1.0,0,0.0,1.0,0,0.0,1.0,0,0.0,1.0,0,0.0,1.0,635,403916.0
3575.0,-0.0312,635,4039.94,161.5976,0.0,0,0.0,1.0,0,0.0,1.0,0,0.0,1.0,20,3427.0,0.0,38,17525.0,0.0,0,0.0,1.0,32,23831.0,0.0,0,0.0,1.0,53,34047.0,0.0,48,39448.0,0.0,0,0.0,1.0,73,59416.0,0.0,96,59560.0,0.0,111,64108.0,0.0,42,31266.0,0.0,0,0.0,1.0,0,0.0,1.0,38,17900.0,0.0,46,27855.0,0.0,38,25611.0,0.0,0,0.0,1.0,0,0.0,1.0,0,0.0,1.0,0,0.0,1.0,0,0.0,1.0,635,403994.0
3580.0,-0.0243999999999996,635,4040.55,161.622,0.0,0,0.0,1.0,0,0.0,1.0,0,0.0,1.0,20,3475.0,0.0,38,17538.0,0.0,0,0.0,1.0,32,23831.0,0.0,0,0.0,1.0,53,34047.0,0.0,48,39448.0,0.0,0,0.0,1.0,73,59416.0,0.0,96,59560.0,0.0,111,64108.0,0.0,42,31266.0,0.0,0,0.0,1.0,0,0.0,1.0,38,17900.0,0.0,46,27855.0,0.0,38,25611.0,0.0,0,0.0,1.0,0,0.0,1.0,0,0.0,1.0,0,0.0,1.0,0,0.0,1.0,635,404055.0
3585.0,-0.0296,635,4041.29,161.6516,0.0,0,0.0,1.0,0,0.0,1.0,0,0.0,1.0,20,3521.0,0.0,38,17566.0,0.0,0,0.0,1.0,32,23831.0,0.0,0,0.0,1.0,53,34047.0,0.0,48,39448.0,0.0,0,0.0,1.0,73,59416.0,0.0,96,59560.0,0.0,111,64108.0,0.0,42,31266.0,0.0,0,0.0,1.0,0,0.0,1.0,38,17900.0,0.0,46,27855.0,0.0,38,25611.0,0.0,0,0.0,1.0,0,0.0,1.0,0,0.0,1.0,0,0.0,1.0,0,0.0,1.0,635,404129.0
3590.0,-0.0296,635,4042.03,161.6812,0.0,0,0.0,1.0,0,0.0,1.0,0,0.0,1.0,20,3567.0,0.0,38,17594.0,0.0,0,0.0,1.0,32,23831.0,0.0,0,0.0,1.0,53,34047.0,0.0,48,39448.0,0.0,0,0.0,1.0,73,59416.0,0.0,96,59560.0,0.0,111,64108.0,0.0,42,31266.0,0.0,0,0.0,1.0,0,0.0,1.0,38,17900.0,0.0,46,27855.0,0.0,38,25611.0,0.0,0,0.0,1.0,0,0.0,1.0,0,0.0,1.0,0,0.0,1.0,0,0.0,1.0,635,404203.0
3595.0,-0.0247999999999999,635,4042.65,161.706,0.0,0,0.0,1.0,0,0.0,1.0,0,0.0,1.0,20,3610.0,0.0,38,17613.0,0.0,0,0.0,1.0,32,23831.0,0.0,0,0.0,1.0,53,34047.0,0.0,48,39448.0,0.0,0,0.0,1.0,73,59416.0,0.0,96,59560.0,0.0,111,64108.0,0.0,42,31266.0,0.0,0,0.0,1.0,0,0.0,1.0,38,17900.0,0.0,46,27855.0,0.0,38,25611.0,0.0,0,0.0,1.0,0,0.0,1.0,0,0.0,1.0,0,0.0,1.0,0,0.0,1.0,635,404265.0
3600.0,-0.0199999999999997,635,4043.15,161.726,0.0,0,0.0,1.0,0,0.0,1.0,0,0.0,1.0,20,3650.0,0.0,38,17623.0,0.0,0,0.0,1.0,32,23831.0,0.0,0,0.0,1.0,53,34047.0,0.0,48,39448.0,0.0,0,0.0,1.0,73,59416.0,0.0,96,59560.0,0.0,111,64108.0,0.0,42,31266.0,0.0,0,0.0,1.0,0,0.0,1.0,38,17900.0,0.0,46,27855.0,0.0,38,25611.0,0.0,0,0.0,1.0,0,0.0,1.0,0,0.0,1.0,0,0.0,1.0,0,0.0,1.0,635,404315.0
